  1.9770027e+003
  1.9770055e+003
  1.9770082e+003
  1.9770110e+003
  1.9770137e+003
  1.9770165e+003
  1.9770192e+003
  1.9770220e+003
  1.9770247e+003
  1.9770275e+003
  1.9770302e+003
  1.9770330e+003
  1.9770357e+003
  1.9770385e+003
  1.9770412e+003
  1.9770440e+003
  1.9770467e+003
  1.9770495e+003
  1.9770522e+003
  1.9770549e+003
  1.9770577e+003
  1.9770604e+003
  1.9770632e+003
  1.9770659e+003
  1.9770687e+003
  1.9770714e+003
  1.9770742e+003
  1.9770769e+003
  1.9770797e+003
  1.9770824e+003
  1.9770852e+003
  1.9770879e+003
  1.9770907e+003
  1.9770934e+003
  1.9770962e+003
  1.9770989e+003
  1.9771016e+003
  1.9771044e+003
  1.9771071e+003
  1.9771099e+003
  1.9771126e+003
  1.9771154e+003
  1.9771181e+003
  1.9771209e+003
  1.9771236e+003
  1.9771264e+003
  1.9771291e+003
  1.9771319e+003
  1.9771346e+003
  1.9771374e+003
  1.9771401e+003
  1.9771429e+003
  1.9771456e+003
  1.9771484e+003
  1.9771511e+003
  1.9771538e+003
  1.9771566e+003
  1.9771593e+003
  1.9771621e+003
  1.9771648e+003
  1.9771676e+003
  1.9771703e+003
  1.9771731e+003
  1.9771758e+003
  1.9771786e+003
  1.9771813e+003
  1.9771841e+003
  1.9771868e+003
  1.9771896e+003
  1.9771923e+003
  1.9771951e+003
  1.9771978e+003
  1.9772005e+003
  1.9772033e+003
  1.9772060e+003
  1.9772088e+003
  1.9772115e+003
  1.9772143e+003
  1.9772170e+003
  1.9772198e+003
  1.9772225e+003
  1.9772253e+003
  1.9772280e+003
  1.9772308e+003
  1.9772335e+003
  1.9772363e+003
  1.9772390e+003
  1.9772418e+003
  1.9772445e+003
  1.9772473e+003
  1.9772500e+003
  1.9772527e+003
  1.9772555e+003
  1.9772582e+003
  1.9772610e+003
  1.9772637e+003
  1.9772665e+003
  1.9772692e+003
  1.9772720e+003
  1.9772747e+003
  1.9772775e+003
  1.9772802e+003
  1.9772830e+003
  1.9772857e+003
  1.9772885e+003
  1.9772912e+003
  1.9772940e+003
  1.9772967e+003
  1.9772995e+003
  1.9773022e+003
  1.9773049e+003
  1.9773077e+003
  1.9773104e+003
  1.9773132e+003
  1.9773159e+003
  1.9773187e+003
  1.9773214e+003
  1.9773242e+003
  1.9773269e+003
  1.9773297e+003
  1.9773324e+003
  1.9773352e+003
  1.9773379e+003
  1.9773407e+003
  1.9773434e+003
  1.9773462e+003
  1.9773489e+003
  1.9773516e+003
  1.9773544e+003
  1.9773571e+003
  1.9773599e+003
  1.9773626e+003
  1.9773654e+003
  1.9773681e+003
  1.9773709e+003
  1.9773736e+003
  1.9773764e+003
  1.9773791e+003
  1.9773819e+003
  1.9773846e+003
  1.9773874e+003
  1.9773901e+003
  1.9773929e+003
  1.9773956e+003
  1.9773984e+003
  1.9774011e+003
  1.9774038e+003
  1.9774066e+003
  1.9774093e+003
  1.9774121e+003
  1.9774148e+003
  1.9774176e+003
  1.9774203e+003
  1.9774231e+003
  1.9774258e+003
  1.9774286e+003
  1.9774313e+003
  1.9774341e+003
  1.9774368e+003
  1.9774396e+003
  1.9774423e+003
  1.9774451e+003
  1.9774478e+003
  1.9774505e+003
  1.9774533e+003
  1.9774560e+003
  1.9774588e+003
  1.9774615e+003
  1.9774643e+003
  1.9774670e+003
  1.9774698e+003
  1.9774725e+003
  1.9774753e+003
  1.9774780e+003
  1.9774808e+003
  1.9774835e+003
  1.9774863e+003
  1.9774890e+003
  1.9774918e+003
  1.9774945e+003
  1.9774973e+003
  1.9775000e+003
  1.9775027e+003
  1.9775055e+003
  1.9775082e+003
  1.9775110e+003
  1.9775137e+003
  1.9775165e+003
  1.9775192e+003
  1.9775220e+003
  1.9775247e+003
  1.9775275e+003
  1.9775302e+003
  1.9775330e+003
  1.9775357e+003
  1.9775385e+003
  1.9775412e+003
  1.9775440e+003
  1.9775467e+003
  1.9775495e+003
  1.9775522e+003
  1.9775549e+003
  1.9775577e+003
  1.9775604e+003
  1.9775632e+003
  1.9775659e+003
  1.9775687e+003
  1.9775714e+003
  1.9775742e+003
  1.9775769e+003
  1.9775797e+003
  1.9775824e+003
  1.9775852e+003
  1.9775879e+003
  1.9775907e+003
  1.9775934e+003
  1.9775962e+003
  1.9775989e+003
  1.9776016e+003
  1.9776044e+003
  1.9776071e+003
  1.9776099e+003
  1.9776126e+003
  1.9776154e+003
  1.9776181e+003
  1.9776209e+003
  1.9776236e+003
  1.9776264e+003
  1.9776291e+003
  1.9776319e+003
  1.9776346e+003
  1.9776374e+003
  1.9776401e+003
  1.9776429e+003
  1.9776456e+003
  1.9776484e+003
  1.9776511e+003
  1.9776538e+003
  1.9776566e+003
  1.9776593e+003
  1.9776621e+003
  1.9776648e+003
  1.9776676e+003
  1.9776703e+003
  1.9776731e+003
  1.9776758e+003
  1.9776786e+003
  1.9776813e+003
  1.9776841e+003
  1.9776868e+003
  1.9776896e+003
  1.9776923e+003
  1.9776951e+003
  1.9776978e+003
  1.9777005e+003
  1.9777033e+003
  1.9777060e+003
  1.9777088e+003
  1.9777115e+003
  1.9777143e+003
  1.9777170e+003
  1.9777198e+003
  1.9777225e+003
  1.9777253e+003
  1.9777280e+003
  1.9777308e+003
  1.9777335e+003
  1.9777363e+003
  1.9777390e+003
  1.9777418e+003
  1.9777445e+003
  1.9777473e+003
  1.9777500e+003
  1.9777527e+003
  1.9777555e+003
  1.9777582e+003
  1.9777610e+003
  1.9777637e+003
  1.9777665e+003
  1.9777692e+003
  1.9777720e+003
  1.9777747e+003
  1.9777775e+003
  1.9777802e+003
  1.9777830e+003
  1.9777857e+003
  1.9777885e+003
  1.9777912e+003
  1.9777940e+003
  1.9777967e+003
  1.9777995e+003
  1.9778022e+003
  1.9778049e+003
  1.9778077e+003
  1.9778104e+003
  1.9778132e+003
  1.9778159e+003
  1.9778187e+003
  1.9778214e+003
  1.9778242e+003
  1.9778269e+003
  1.9778297e+003
  1.9778324e+003
  1.9778352e+003
  1.9778379e+003
  1.9778407e+003
  1.9778434e+003
  1.9778462e+003
  1.9778489e+003
  1.9778516e+003
  1.9778544e+003
  1.9778571e+003
  1.9778599e+003
  1.9778626e+003
  1.9778654e+003
  1.9778681e+003
  1.9778709e+003
  1.9778736e+003
  1.9778764e+003
  1.9778791e+003
  1.9778819e+003
  1.9778846e+003
  1.9778874e+003
  1.9778901e+003
  1.9778929e+003
  1.9778956e+003
  1.9778984e+003
  1.9779011e+003
  1.9779038e+003
  1.9779066e+003
  1.9779093e+003
  1.9779121e+003
  1.9779148e+003
  1.9779176e+003
  1.9779203e+003
  1.9779231e+003
  1.9779258e+003
  1.9779286e+003
  1.9779313e+003
  1.9779341e+003
  1.9779368e+003
  1.9779396e+003
  1.9779423e+003
  1.9779451e+003
  1.9779478e+003
  1.9779505e+003
  1.9779533e+003
  1.9779560e+003
  1.9779588e+003
  1.9779615e+003
  1.9779643e+003
  1.9779670e+003
  1.9779698e+003
  1.9779725e+003
  1.9779753e+003
  1.9779780e+003
  1.9779808e+003
  1.9779835e+003
  1.9779863e+003
  1.9779890e+003
  1.9779918e+003
  1.9779945e+003
  1.9779973e+003
  1.9780000e+003
  1.9780027e+003
  1.9780055e+003
  1.9780082e+003
  1.9780110e+003
  1.9780137e+003
  1.9780165e+003
  1.9780192e+003
  1.9780220e+003
  1.9780247e+003
  1.9780275e+003
  1.9780302e+003
  1.9780330e+003
  1.9780357e+003
  1.9780385e+003
  1.9780412e+003
  1.9780440e+003
  1.9780467e+003
  1.9780495e+003
  1.9780522e+003
  1.9780549e+003
  1.9780577e+003
  1.9780604e+003
  1.9780632e+003
  1.9780659e+003
  1.9780687e+003
  1.9780714e+003
  1.9780742e+003
  1.9780769e+003
  1.9780797e+003
  1.9780824e+003
  1.9780852e+003
  1.9780879e+003
  1.9780907e+003
  1.9780934e+003
  1.9780962e+003
  1.9780989e+003
  1.9781016e+003
  1.9781044e+003
  1.9781071e+003
  1.9781099e+003
  1.9781126e+003
  1.9781154e+003
  1.9781181e+003
  1.9781209e+003
  1.9781236e+003
  1.9781264e+003
  1.9781291e+003
  1.9781319e+003
  1.9781346e+003
  1.9781374e+003
  1.9781401e+003
  1.9781429e+003
  1.9781456e+003
  1.9781484e+003
  1.9781511e+003
  1.9781538e+003
  1.9781566e+003
  1.9781593e+003
  1.9781621e+003
  1.9781648e+003
  1.9781676e+003
  1.9781703e+003
  1.9781731e+003
  1.9781758e+003
  1.9781786e+003
  1.9781813e+003
  1.9781841e+003
  1.9781868e+003
  1.9781896e+003
  1.9781923e+003
  1.9781951e+003
  1.9781978e+003
  1.9782005e+003
  1.9782033e+003
  1.9782060e+003
  1.9782088e+003
  1.9782115e+003
  1.9782143e+003
  1.9782170e+003
  1.9782198e+003
  1.9782225e+003
  1.9782253e+003
  1.9782280e+003
  1.9782308e+003
  1.9782335e+003
  1.9782363e+003
  1.9782390e+003
  1.9782418e+003
  1.9782445e+003
  1.9782473e+003
  1.9782500e+003
  1.9782527e+003
  1.9782555e+003
  1.9782582e+003
  1.9782610e+003
  1.9782637e+003
  1.9782665e+003
  1.9782692e+003
  1.9782720e+003
  1.9782747e+003
  1.9782775e+003
  1.9782802e+003
  1.9782830e+003
  1.9782857e+003
  1.9782885e+003
  1.9782912e+003
  1.9782940e+003
  1.9782967e+003
  1.9782995e+003
  1.9783022e+003
  1.9783049e+003
  1.9783077e+003
  1.9783104e+003
  1.9783132e+003
  1.9783159e+003
  1.9783187e+003
  1.9783214e+003
  1.9783242e+003
  1.9783269e+003
  1.9783297e+003
  1.9783324e+003
  1.9783352e+003
  1.9783379e+003
  1.9783407e+003
  1.9783434e+003
  1.9783462e+003
  1.9783489e+003
  1.9783516e+003
  1.9783544e+003
  1.9783571e+003
  1.9783599e+003
  1.9783626e+003
  1.9783654e+003
  1.9783681e+003
  1.9783709e+003
  1.9783736e+003
  1.9783764e+003
  1.9783791e+003
  1.9783819e+003
  1.9783846e+003
  1.9783874e+003
  1.9783901e+003
  1.9783929e+003
  1.9783956e+003
  1.9783984e+003
  1.9784011e+003
  1.9784038e+003
  1.9784066e+003
  1.9784093e+003
  1.9784121e+003
  1.9784148e+003
  1.9784176e+003
  1.9784203e+003
  1.9784231e+003
  1.9784258e+003
  1.9784286e+003
  1.9784313e+003
  1.9784341e+003
  1.9784368e+003
  1.9784396e+003
  1.9784423e+003
  1.9784451e+003
  1.9784478e+003
  1.9784505e+003
  1.9784533e+003
  1.9784560e+003
  1.9784588e+003
  1.9784615e+003
  1.9784643e+003
  1.9784670e+003
  1.9784698e+003
  1.9784725e+003
  1.9784753e+003
  1.9784780e+003
  1.9784808e+003
  1.9784835e+003
  1.9784863e+003
  1.9784890e+003
  1.9784918e+003
  1.9784945e+003
  1.9784973e+003
  1.9785000e+003
  1.9785027e+003
  1.9785055e+003
  1.9785082e+003
  1.9785110e+003
  1.9785137e+003
  1.9785165e+003
  1.9785192e+003
  1.9785220e+003
  1.9785247e+003
  1.9785275e+003
  1.9785302e+003
  1.9785330e+003
  1.9785357e+003
  1.9785385e+003
  1.9785412e+003
  1.9785440e+003
  1.9785467e+003
  1.9785495e+003
  1.9785522e+003
  1.9785549e+003
  1.9785577e+003
  1.9785604e+003
  1.9785632e+003
  1.9785659e+003
  1.9785687e+003
  1.9785714e+003
  1.9785742e+003
  1.9785769e+003
  1.9785797e+003
  1.9785824e+003
  1.9785852e+003
  1.9785879e+003
  1.9785907e+003
  1.9785934e+003
  1.9785962e+003
  1.9785989e+003
  1.9786016e+003
  1.9786044e+003
  1.9786071e+003
  1.9786099e+003
  1.9786126e+003
  1.9786154e+003
  1.9786181e+003
  1.9786209e+003
  1.9786236e+003
  1.9786264e+003
  1.9786291e+003
  1.9786319e+003
  1.9786346e+003
  1.9786374e+003
  1.9786401e+003
  1.9786429e+003
  1.9786456e+003
  1.9786484e+003
  1.9786511e+003
  1.9786538e+003
  1.9786566e+003
  1.9786593e+003
  1.9786621e+003
  1.9786648e+003
  1.9786676e+003
  1.9786703e+003
  1.9786731e+003
  1.9786758e+003
  1.9786786e+003
  1.9786813e+003
  1.9786841e+003
  1.9786868e+003
  1.9786896e+003
  1.9786923e+003
  1.9786951e+003
  1.9786978e+003
  1.9787005e+003
  1.9787033e+003
  1.9787060e+003
  1.9787088e+003
  1.9787115e+003
  1.9787143e+003
  1.9787170e+003
  1.9787198e+003
  1.9787225e+003
  1.9787253e+003
  1.9787280e+003
  1.9787308e+003
  1.9787335e+003
  1.9787363e+003
  1.9787390e+003
  1.9787418e+003
  1.9787445e+003
  1.9787473e+003
  1.9787500e+003
  1.9787527e+003
  1.9787555e+003
  1.9787582e+003
  1.9787610e+003
  1.9787637e+003
  1.9787665e+003
  1.9787692e+003
  1.9787720e+003
  1.9787747e+003
  1.9787775e+003
  1.9787802e+003
  1.9787830e+003
  1.9787857e+003
  1.9787885e+003
  1.9787912e+003
  1.9787940e+003
  1.9787967e+003
  1.9787995e+003
  1.9788022e+003
  1.9788049e+003
  1.9788077e+003
  1.9788104e+003
  1.9788132e+003
  1.9788159e+003
  1.9788187e+003
  1.9788214e+003
  1.9788242e+003
  1.9788269e+003
  1.9788297e+003
  1.9788324e+003
  1.9788352e+003
  1.9788379e+003
  1.9788407e+003
  1.9788434e+003
  1.9788462e+003
  1.9788489e+003
  1.9788516e+003
  1.9788544e+003
  1.9788571e+003
  1.9788599e+003
  1.9788626e+003
  1.9788654e+003
  1.9788681e+003
  1.9788709e+003
  1.9788736e+003
  1.9788764e+003
  1.9788791e+003
  1.9788819e+003
  1.9788846e+003
  1.9788874e+003
  1.9788901e+003
  1.9788929e+003
  1.9788956e+003
  1.9788984e+003
  1.9789011e+003
  1.9789038e+003
  1.9789066e+003
  1.9789093e+003
  1.9789121e+003
  1.9789148e+003
  1.9789176e+003
  1.9789203e+003
  1.9789231e+003
  1.9789258e+003
  1.9789286e+003
  1.9789313e+003
  1.9789341e+003
  1.9789368e+003
  1.9789396e+003
  1.9789423e+003
  1.9789451e+003
  1.9789478e+003
  1.9789505e+003
  1.9789533e+003
  1.9789560e+003
  1.9789588e+003
  1.9789615e+003
  1.9789643e+003
  1.9789670e+003
  1.9789698e+003
  1.9789725e+003
  1.9789753e+003
  1.9789780e+003
  1.9789808e+003
  1.9789835e+003
  1.9789863e+003
  1.9789890e+003
  1.9789918e+003
  1.9789945e+003
  1.9789973e+003
  1.9790000e+003
  1.9790027e+003
  1.9790055e+003
  1.9790082e+003
  1.9790110e+003
  1.9790137e+003
  1.9790165e+003
  1.9790192e+003
  1.9790220e+003
  1.9790247e+003
  1.9790275e+003
  1.9790302e+003
  1.9790330e+003
  1.9790357e+003
  1.9790385e+003
  1.9790412e+003
  1.9790440e+003
  1.9790467e+003
  1.9790495e+003
  1.9790522e+003
  1.9790549e+003
  1.9790577e+003
  1.9790604e+003
  1.9790632e+003
  1.9790659e+003
  1.9790687e+003
  1.9790714e+003
  1.9790742e+003
  1.9790769e+003
  1.9790797e+003
  1.9790824e+003
  1.9790852e+003
  1.9790879e+003
  1.9790907e+003
  1.9790934e+003
  1.9790962e+003
  1.9790989e+003
  1.9791016e+003
  1.9791044e+003
  1.9791071e+003
  1.9791099e+003
  1.9791126e+003
  1.9791154e+003
  1.9791181e+003
  1.9791209e+003
  1.9791236e+003
  1.9791264e+003
  1.9791291e+003
  1.9791319e+003
  1.9791346e+003
  1.9791374e+003
  1.9791401e+003
  1.9791429e+003
  1.9791456e+003
  1.9791484e+003
  1.9791511e+003
  1.9791538e+003
  1.9791566e+003
  1.9791593e+003
  1.9791621e+003
  1.9791648e+003
  1.9791676e+003
  1.9791703e+003
  1.9791731e+003
  1.9791758e+003
  1.9791786e+003
  1.9791813e+003
  1.9791841e+003
  1.9791868e+003
  1.9791896e+003
  1.9791923e+003
  1.9791951e+003
  1.9791978e+003
  1.9792005e+003
  1.9792033e+003
  1.9792060e+003
  1.9792088e+003
  1.9792115e+003
  1.9792143e+003
  1.9792170e+003
  1.9792198e+003
  1.9792225e+003
  1.9792253e+003
  1.9792280e+003
  1.9792308e+003
  1.9792335e+003
  1.9792363e+003
  1.9792390e+003
  1.9792418e+003
  1.9792445e+003
  1.9792473e+003
  1.9792500e+003
  1.9792527e+003
  1.9792555e+003
  1.9792582e+003
  1.9792610e+003
  1.9792637e+003
  1.9792665e+003
  1.9792692e+003
  1.9792720e+003
  1.9792747e+003
  1.9792775e+003
  1.9792802e+003
  1.9792830e+003
  1.9792857e+003
  1.9792885e+003
  1.9792912e+003
  1.9792940e+003
  1.9792967e+003
  1.9792995e+003
  1.9793022e+003
  1.9793049e+003
  1.9793077e+003
  1.9793104e+003
  1.9793132e+003
  1.9793159e+003
  1.9793187e+003
  1.9793214e+003
  1.9793242e+003
  1.9793269e+003
  1.9793297e+003
  1.9793324e+003
  1.9793352e+003
  1.9793379e+003
  1.9793407e+003
  1.9793434e+003
  1.9793462e+003
  1.9793489e+003
  1.9793516e+003
  1.9793544e+003
  1.9793571e+003
  1.9793599e+003
  1.9793626e+003
  1.9793654e+003
  1.9793681e+003
  1.9793709e+003
  1.9793736e+003
  1.9793764e+003
  1.9793791e+003
  1.9793819e+003
  1.9793846e+003
  1.9793874e+003
  1.9793901e+003
  1.9793929e+003
  1.9793956e+003
  1.9793984e+003
  1.9794011e+003
  1.9794038e+003
  1.9794066e+003
  1.9794093e+003
  1.9794121e+003
  1.9794148e+003
  1.9794176e+003
  1.9794203e+003
  1.9794231e+003
  1.9794258e+003
  1.9794286e+003
  1.9794313e+003
  1.9794341e+003
  1.9794368e+003
  1.9794396e+003
  1.9794423e+003
  1.9794451e+003
  1.9794478e+003
  1.9794505e+003
  1.9794533e+003
  1.9794560e+003
  1.9794588e+003
  1.9794615e+003
  1.9794643e+003
  1.9794670e+003
  1.9794698e+003
  1.9794725e+003
  1.9794753e+003
  1.9794780e+003
  1.9794808e+003
  1.9794835e+003
  1.9794863e+003
  1.9794890e+003
  1.9794918e+003
  1.9794945e+003
  1.9794973e+003
  1.9795000e+003
  1.9795027e+003
  1.9795055e+003
  1.9795082e+003
  1.9795110e+003
  1.9795137e+003
  1.9795165e+003
  1.9795192e+003
  1.9795220e+003
  1.9795247e+003
  1.9795275e+003
  1.9795302e+003
  1.9795330e+003
  1.9795357e+003
  1.9795385e+003
  1.9795412e+003
  1.9795440e+003
  1.9795467e+003
  1.9795495e+003
  1.9795522e+003
  1.9795549e+003
  1.9795577e+003
  1.9795604e+003
  1.9795632e+003
  1.9795659e+003
  1.9795687e+003
  1.9795714e+003
  1.9795742e+003
  1.9795769e+003
  1.9795797e+003
  1.9795824e+003
  1.9795852e+003
  1.9795879e+003
  1.9795907e+003
  1.9795934e+003
  1.9795962e+003
  1.9795989e+003
  1.9796016e+003
  1.9796044e+003
  1.9796071e+003
  1.9796099e+003
  1.9796126e+003
  1.9796154e+003
  1.9796181e+003
  1.9796209e+003
  1.9796236e+003
  1.9796264e+003
  1.9796291e+003
  1.9796319e+003
  1.9796346e+003
  1.9796374e+003
  1.9796401e+003
  1.9796429e+003
  1.9796456e+003
  1.9796484e+003
  1.9796511e+003
  1.9796538e+003
  1.9796566e+003
  1.9796593e+003
  1.9796621e+003
  1.9796648e+003
  1.9796676e+003
  1.9796703e+003
  1.9796731e+003
  1.9796758e+003
  1.9796786e+003
  1.9796813e+003
  1.9796841e+003
  1.9796868e+003
  1.9796896e+003
  1.9796923e+003
  1.9796951e+003
  1.9796978e+003
  1.9797005e+003
  1.9797033e+003
  1.9797060e+003
  1.9797088e+003
  1.9797115e+003
  1.9797143e+003
  1.9797170e+003
  1.9797198e+003
  1.9797225e+003
  1.9797253e+003
  1.9797280e+003
  1.9797308e+003
  1.9797335e+003
  1.9797363e+003
  1.9797390e+003
  1.9797418e+003
  1.9797445e+003
  1.9797473e+003
  1.9797500e+003
  1.9797527e+003
  1.9797555e+003
  1.9797582e+003
  1.9797610e+003
  1.9797637e+003
  1.9797665e+003
  1.9797692e+003
  1.9797720e+003
  1.9797747e+003
  1.9797775e+003
  1.9797802e+003
  1.9797830e+003
  1.9797857e+003
  1.9797885e+003
  1.9797912e+003
  1.9797940e+003
  1.9797967e+003
  1.9797995e+003
  1.9798022e+003
  1.9798049e+003
  1.9798077e+003
  1.9798104e+003
  1.9798132e+003
  1.9798159e+003
  1.9798187e+003
  1.9798214e+003
  1.9798242e+003
  1.9798269e+003
  1.9798297e+003
  1.9798324e+003
  1.9798352e+003
  1.9798379e+003
  1.9798407e+003
  1.9798434e+003
  1.9798462e+003
  1.9798489e+003
  1.9798516e+003
  1.9798544e+003
  1.9798571e+003
  1.9798599e+003
  1.9798626e+003
  1.9798654e+003
  1.9798681e+003
  1.9798709e+003
  1.9798736e+003
  1.9798764e+003
  1.9798791e+003
  1.9798819e+003
  1.9798846e+003
  1.9798874e+003
  1.9798901e+003
  1.9798929e+003
  1.9798956e+003
  1.9798984e+003
  1.9799011e+003
  1.9799038e+003
  1.9799066e+003
  1.9799093e+003
  1.9799121e+003
  1.9799148e+003
  1.9799176e+003
  1.9799203e+003
  1.9799231e+003
  1.9799258e+003
  1.9799286e+003
  1.9799313e+003
  1.9799341e+003
  1.9799368e+003
  1.9799396e+003
  1.9799423e+003
  1.9799451e+003
  1.9799478e+003
  1.9799505e+003
  1.9799533e+003
  1.9799560e+003
  1.9799588e+003
  1.9799615e+003
  1.9799643e+003
  1.9799670e+003
  1.9799698e+003
  1.9799725e+003
  1.9799753e+003
  1.9799780e+003
  1.9799808e+003
  1.9799835e+003
  1.9799863e+003
  1.9799890e+003
  1.9799918e+003
  1.9799945e+003
  1.9799973e+003
  1.9800000e+003
  1.9800027e+003
  1.9800055e+003
  1.9800082e+003
  1.9800110e+003
  1.9800137e+003
  1.9800164e+003
  1.9800192e+003
  1.9800219e+003
  1.9800247e+003
  1.9800274e+003
  1.9800301e+003
  1.9800329e+003
  1.9800356e+003
  1.9800384e+003
  1.9800411e+003
  1.9800438e+003
  1.9800466e+003
  1.9800493e+003
  1.9800521e+003
  1.9800548e+003
  1.9800575e+003
  1.9800603e+003
  1.9800630e+003
  1.9800658e+003
  1.9800685e+003
  1.9800712e+003
  1.9800740e+003
  1.9800767e+003
  1.9800795e+003
  1.9800822e+003
  1.9800849e+003
  1.9800877e+003
  1.9800904e+003
  1.9800932e+003
  1.9800959e+003
  1.9800986e+003
  1.9801014e+003
  1.9801041e+003
  1.9801068e+003
  1.9801096e+003
  1.9801123e+003
  1.9801151e+003
  1.9801178e+003
  1.9801205e+003
  1.9801233e+003
  1.9801260e+003
  1.9801288e+003
  1.9801315e+003
  1.9801342e+003
  1.9801370e+003
  1.9801397e+003
  1.9801425e+003
  1.9801452e+003
  1.9801479e+003
  1.9801507e+003
  1.9801534e+003
  1.9801562e+003
  1.9801589e+003
  1.9801616e+003
  1.9801644e+003
  1.9801671e+003
  1.9801699e+003
  1.9801726e+003
  1.9801753e+003
  1.9801781e+003
  1.9801808e+003
  1.9801836e+003
  1.9801863e+003
  1.9801890e+003
  1.9801918e+003
  1.9801945e+003
  1.9801973e+003
  1.9802000e+003
  1.9802027e+003
  1.9802055e+003
  1.9802082e+003
  1.9802110e+003
  1.9802137e+003
  1.9802164e+003
  1.9802192e+003
  1.9802219e+003
  1.9802247e+003
  1.9802274e+003
  1.9802301e+003
  1.9802329e+003
  1.9802356e+003
  1.9802384e+003
  1.9802411e+003
  1.9802438e+003
  1.9802466e+003
  1.9802493e+003
  1.9802521e+003
  1.9802548e+003
  1.9802575e+003
  1.9802603e+003
  1.9802630e+003
  1.9802658e+003
  1.9802685e+003
  1.9802712e+003
  1.9802740e+003
  1.9802767e+003
  1.9802795e+003
  1.9802822e+003
  1.9802849e+003
  1.9802877e+003
  1.9802904e+003
  1.9802932e+003
  1.9802959e+003
  1.9802986e+003
  1.9803014e+003
  1.9803041e+003
  1.9803068e+003
  1.9803096e+003
  1.9803123e+003
  1.9803151e+003
  1.9803178e+003
  1.9803205e+003
  1.9803233e+003
  1.9803260e+003
  1.9803288e+003
  1.9803315e+003
  1.9803342e+003
  1.9803370e+003
  1.9803397e+003
  1.9803425e+003
  1.9803452e+003
  1.9803479e+003
  1.9803507e+003
  1.9803534e+003
  1.9803562e+003
  1.9803589e+003
  1.9803616e+003
  1.9803644e+003
  1.9803671e+003
  1.9803699e+003
  1.9803726e+003
  1.9803753e+003
  1.9803781e+003
  1.9803808e+003
  1.9803836e+003
  1.9803863e+003
  1.9803890e+003
  1.9803918e+003
  1.9803945e+003
  1.9803973e+003
  1.9804000e+003
  1.9804027e+003
  1.9804055e+003
  1.9804082e+003
  1.9804110e+003
  1.9804137e+003
  1.9804164e+003
  1.9804192e+003
  1.9804219e+003
  1.9804247e+003
  1.9804274e+003
  1.9804301e+003
  1.9804329e+003
  1.9804356e+003
  1.9804384e+003
  1.9804411e+003
  1.9804438e+003
  1.9804466e+003
  1.9804493e+003
  1.9804521e+003
  1.9804548e+003
  1.9804575e+003
  1.9804603e+003
  1.9804630e+003
  1.9804658e+003
  1.9804685e+003
  1.9804712e+003
  1.9804740e+003
  1.9804767e+003
  1.9804795e+003
  1.9804822e+003
  1.9804849e+003
  1.9804877e+003
  1.9804904e+003
  1.9804932e+003
  1.9804959e+003
  1.9804986e+003
  1.9805014e+003
  1.9805041e+003
  1.9805068e+003
  1.9805096e+003
  1.9805123e+003
  1.9805151e+003
  1.9805178e+003
  1.9805205e+003
  1.9805233e+003
  1.9805260e+003
  1.9805288e+003
  1.9805315e+003
  1.9805342e+003
  1.9805370e+003
  1.9805397e+003
  1.9805425e+003
  1.9805452e+003
  1.9805479e+003
  1.9805507e+003
  1.9805534e+003
  1.9805562e+003
  1.9805589e+003
  1.9805616e+003
  1.9805644e+003
  1.9805671e+003
  1.9805699e+003
  1.9805726e+003
  1.9805753e+003
  1.9805781e+003
  1.9805808e+003
  1.9805836e+003
  1.9805863e+003
  1.9805890e+003
  1.9805918e+003
  1.9805945e+003
  1.9805973e+003
  1.9806000e+003
  1.9806027e+003
  1.9806055e+003
  1.9806082e+003
  1.9806110e+003
  1.9806137e+003
  1.9806164e+003
  1.9806192e+003
  1.9806219e+003
  1.9806247e+003
  1.9806274e+003
  1.9806301e+003
  1.9806329e+003
  1.9806356e+003
  1.9806384e+003
  1.9806411e+003
  1.9806438e+003
  1.9806466e+003
  1.9806493e+003
  1.9806521e+003
  1.9806548e+003
  1.9806575e+003
  1.9806603e+003
  1.9806630e+003
  1.9806658e+003
  1.9806685e+003
  1.9806712e+003
  1.9806740e+003
  1.9806767e+003
  1.9806795e+003
  1.9806822e+003
  1.9806849e+003
  1.9806877e+003
  1.9806904e+003
  1.9806932e+003
  1.9806959e+003
  1.9806986e+003
  1.9807014e+003
  1.9807041e+003
  1.9807068e+003
  1.9807096e+003
  1.9807123e+003
  1.9807151e+003
  1.9807178e+003
  1.9807205e+003
  1.9807233e+003
  1.9807260e+003
  1.9807288e+003
  1.9807315e+003
  1.9807342e+003
  1.9807370e+003
  1.9807397e+003
  1.9807425e+003
  1.9807452e+003
  1.9807479e+003
  1.9807507e+003
  1.9807534e+003
  1.9807562e+003
  1.9807589e+003
  1.9807616e+003
  1.9807644e+003
  1.9807671e+003
  1.9807699e+003
  1.9807726e+003
  1.9807753e+003
  1.9807781e+003
  1.9807808e+003
  1.9807836e+003
  1.9807863e+003
  1.9807890e+003
  1.9807918e+003
  1.9807945e+003
  1.9807973e+003
  1.9808000e+003
  1.9808027e+003
  1.9808055e+003
  1.9808082e+003
  1.9808110e+003
  1.9808137e+003
  1.9808164e+003
  1.9808192e+003
  1.9808219e+003
  1.9808247e+003
  1.9808274e+003
  1.9808301e+003
  1.9808329e+003
  1.9808356e+003
  1.9808384e+003
  1.9808411e+003
  1.9808438e+003
  1.9808466e+003
  1.9808493e+003
  1.9808521e+003
  1.9808548e+003
  1.9808575e+003
  1.9808603e+003
  1.9808630e+003
  1.9808658e+003
  1.9808685e+003
  1.9808712e+003
  1.9808740e+003
  1.9808767e+003
  1.9808795e+003
  1.9808822e+003
  1.9808849e+003
  1.9808877e+003
  1.9808904e+003
  1.9808932e+003
  1.9808959e+003
  1.9808986e+003
  1.9809014e+003
  1.9809041e+003
  1.9809068e+003
  1.9809096e+003
  1.9809123e+003
  1.9809151e+003
  1.9809178e+003
  1.9809205e+003
  1.9809233e+003
  1.9809260e+003
  1.9809288e+003
  1.9809315e+003
  1.9809342e+003
  1.9809370e+003
  1.9809397e+003
  1.9809425e+003
  1.9809452e+003
  1.9809479e+003
  1.9809507e+003
  1.9809534e+003
  1.9809562e+003
  1.9809589e+003
  1.9809616e+003
  1.9809644e+003
  1.9809671e+003
  1.9809699e+003
  1.9809726e+003
  1.9809753e+003
  1.9809781e+003
  1.9809808e+003
  1.9809836e+003
  1.9809863e+003
  1.9809890e+003
  1.9809918e+003
  1.9809945e+003
  1.9809973e+003
  1.9810000e+003
  1.9810027e+003
  1.9810055e+003
  1.9810082e+003
  1.9810110e+003
  1.9810137e+003
  1.9810165e+003
  1.9810192e+003
  1.9810220e+003
  1.9810247e+003
  1.9810275e+003
  1.9810302e+003
  1.9810330e+003
  1.9810357e+003
  1.9810385e+003
  1.9810412e+003
  1.9810440e+003
  1.9810467e+003
  1.9810495e+003
  1.9810522e+003
  1.9810549e+003
  1.9810577e+003
  1.9810604e+003
  1.9810632e+003
  1.9810659e+003
  1.9810687e+003
  1.9810714e+003
  1.9810742e+003
  1.9810769e+003
  1.9810797e+003
  1.9810824e+003
  1.9810852e+003
  1.9810879e+003
  1.9810907e+003
  1.9810934e+003
  1.9810962e+003
  1.9810989e+003
  1.9811016e+003
  1.9811044e+003
  1.9811071e+003
  1.9811099e+003
  1.9811126e+003
  1.9811154e+003
  1.9811181e+003
  1.9811209e+003
  1.9811236e+003
  1.9811264e+003
  1.9811291e+003
  1.9811319e+003
  1.9811346e+003
  1.9811374e+003
  1.9811401e+003
  1.9811429e+003
  1.9811456e+003
  1.9811484e+003
  1.9811511e+003
  1.9811538e+003
  1.9811566e+003
  1.9811593e+003
  1.9811621e+003
  1.9811648e+003
  1.9811676e+003
  1.9811703e+003
  1.9811731e+003
  1.9811758e+003
  1.9811786e+003
  1.9811813e+003
  1.9811841e+003
  1.9811868e+003
  1.9811896e+003
  1.9811923e+003
  1.9811951e+003
  1.9811978e+003
  1.9812005e+003
  1.9812033e+003
  1.9812060e+003
  1.9812088e+003
  1.9812115e+003
  1.9812143e+003
  1.9812170e+003
  1.9812198e+003
  1.9812225e+003
  1.9812253e+003
  1.9812280e+003
  1.9812308e+003
  1.9812335e+003
  1.9812363e+003
  1.9812390e+003
  1.9812418e+003
  1.9812445e+003
  1.9812473e+003
  1.9812500e+003
  1.9812527e+003
  1.9812555e+003
  1.9812582e+003
  1.9812610e+003
  1.9812637e+003
  1.9812665e+003
  1.9812692e+003
  1.9812720e+003
  1.9812747e+003
  1.9812775e+003
  1.9812802e+003
  1.9812830e+003
  1.9812857e+003
  1.9812885e+003
  1.9812912e+003
  1.9812940e+003
  1.9812967e+003
  1.9812995e+003
  1.9813022e+003
  1.9813049e+003
  1.9813077e+003
  1.9813104e+003
  1.9813132e+003
  1.9813159e+003
  1.9813187e+003
  1.9813214e+003
  1.9813242e+003
  1.9813269e+003
  1.9813297e+003
  1.9813324e+003
  1.9813352e+003
  1.9813379e+003
  1.9813407e+003
  1.9813434e+003
  1.9813462e+003
  1.9813489e+003
  1.9813516e+003
  1.9813544e+003
  1.9813571e+003
  1.9813599e+003
  1.9813626e+003
  1.9813654e+003
  1.9813681e+003
  1.9813709e+003
  1.9813736e+003
  1.9813764e+003
  1.9813791e+003
  1.9813819e+003
  1.9813846e+003
  1.9813874e+003
  1.9813901e+003
  1.9813929e+003
  1.9813956e+003
  1.9813984e+003
  1.9814011e+003
  1.9814038e+003
  1.9814066e+003
  1.9814093e+003
  1.9814121e+003
  1.9814148e+003
  1.9814176e+003
  1.9814203e+003
  1.9814231e+003
  1.9814258e+003
  1.9814286e+003
  1.9814313e+003
  1.9814341e+003
  1.9814368e+003
  1.9814396e+003
  1.9814423e+003
  1.9814451e+003
  1.9814478e+003
  1.9814505e+003
  1.9814533e+003
  1.9814560e+003
  1.9814588e+003
  1.9814615e+003
  1.9814643e+003
  1.9814670e+003
  1.9814698e+003
  1.9814725e+003
  1.9814753e+003
  1.9814780e+003
  1.9814808e+003
  1.9814835e+003
  1.9814863e+003
  1.9814890e+003
  1.9814918e+003
  1.9814945e+003
  1.9814973e+003
  1.9815000e+003
  1.9815027e+003
  1.9815055e+003
  1.9815082e+003
  1.9815110e+003
  1.9815137e+003
  1.9815165e+003
  1.9815192e+003
  1.9815220e+003
  1.9815247e+003
  1.9815275e+003
  1.9815302e+003
  1.9815330e+003
  1.9815357e+003
  1.9815385e+003
  1.9815412e+003
  1.9815440e+003
  1.9815467e+003
  1.9815495e+003
  1.9815522e+003
  1.9815549e+003
  1.9815577e+003
  1.9815604e+003
  1.9815632e+003
  1.9815659e+003
  1.9815687e+003
  1.9815714e+003
  1.9815742e+003
  1.9815769e+003
  1.9815797e+003
  1.9815824e+003
  1.9815852e+003
  1.9815879e+003
  1.9815907e+003
  1.9815934e+003
  1.9815962e+003
  1.9815989e+003
  1.9816016e+003
  1.9816044e+003
  1.9816071e+003
  1.9816099e+003
  1.9816126e+003
  1.9816154e+003
  1.9816181e+003
  1.9816209e+003
  1.9816236e+003
  1.9816264e+003
  1.9816291e+003
  1.9816319e+003
  1.9816346e+003
  1.9816374e+003
  1.9816401e+003
  1.9816429e+003
  1.9816456e+003
  1.9816484e+003
  1.9816511e+003
  1.9816538e+003
  1.9816566e+003
  1.9816593e+003
  1.9816621e+003
  1.9816648e+003
  1.9816676e+003
  1.9816703e+003
  1.9816731e+003
  1.9816758e+003
  1.9816786e+003
  1.9816813e+003
  1.9816841e+003
  1.9816868e+003
  1.9816896e+003
  1.9816923e+003
  1.9816951e+003
  1.9816978e+003
  1.9817005e+003
  1.9817033e+003
  1.9817060e+003
  1.9817088e+003
  1.9817115e+003
  1.9817143e+003
  1.9817170e+003
  1.9817198e+003
  1.9817225e+003
  1.9817253e+003
  1.9817280e+003
  1.9817308e+003
  1.9817335e+003
  1.9817363e+003
  1.9817390e+003
  1.9817418e+003
  1.9817445e+003
  1.9817473e+003
  1.9817500e+003
  1.9817527e+003
  1.9817555e+003
  1.9817582e+003
  1.9817610e+003
  1.9817637e+003
  1.9817665e+003
  1.9817692e+003
  1.9817720e+003
  1.9817747e+003
  1.9817775e+003
  1.9817802e+003
  1.9817830e+003
  1.9817857e+003
  1.9817885e+003
  1.9817912e+003
  1.9817940e+003
  1.9817967e+003
  1.9817995e+003
  1.9818022e+003
  1.9818049e+003
  1.9818077e+003
  1.9818104e+003
  1.9818132e+003
  1.9818159e+003
  1.9818187e+003
  1.9818214e+003
  1.9818242e+003
  1.9818269e+003
  1.9818297e+003
  1.9818324e+003
  1.9818352e+003
  1.9818379e+003
  1.9818407e+003
  1.9818434e+003
  1.9818462e+003
  1.9818489e+003
  1.9818516e+003
  1.9818544e+003
  1.9818571e+003
  1.9818599e+003
  1.9818626e+003
  1.9818654e+003
  1.9818681e+003
  1.9818709e+003
  1.9818736e+003
  1.9818764e+003
  1.9818791e+003
  1.9818819e+003
  1.9818846e+003
  1.9818874e+003
  1.9818901e+003
  1.9818929e+003
  1.9818956e+003
  1.9818984e+003
  1.9819011e+003
  1.9819038e+003
  1.9819066e+003
  1.9819093e+003
  1.9819121e+003
  1.9819148e+003
  1.9819176e+003
  1.9819203e+003
  1.9819231e+003
  1.9819258e+003
  1.9819286e+003
  1.9819313e+003
  1.9819341e+003
  1.9819368e+003
  1.9819396e+003
  1.9819423e+003
  1.9819451e+003
  1.9819478e+003
  1.9819505e+003
  1.9819533e+003
  1.9819560e+003
  1.9819588e+003
  1.9819615e+003
  1.9819643e+003
  1.9819670e+003
  1.9819698e+003
  1.9819725e+003
  1.9819753e+003
  1.9819780e+003
  1.9819808e+003
  1.9819835e+003
  1.9819863e+003
  1.9819890e+003
  1.9819918e+003
  1.9819945e+003
  1.9819973e+003
  1.9820000e+003
  1.9820027e+003
  1.9820055e+003
  1.9820082e+003
  1.9820110e+003
  1.9820137e+003
  1.9820165e+003
  1.9820192e+003
  1.9820220e+003
  1.9820247e+003
  1.9820275e+003
  1.9820302e+003
  1.9820330e+003
  1.9820357e+003
  1.9820385e+003
  1.9820412e+003
  1.9820440e+003
  1.9820467e+003
  1.9820495e+003
  1.9820522e+003
  1.9820549e+003
  1.9820577e+003
  1.9820604e+003
  1.9820632e+003
  1.9820659e+003
  1.9820687e+003
  1.9820714e+003
  1.9820742e+003
  1.9820769e+003
  1.9820797e+003
  1.9820824e+003
  1.9820852e+003
  1.9820879e+003
  1.9820907e+003
  1.9820934e+003
  1.9820962e+003
  1.9820989e+003
  1.9821016e+003
  1.9821044e+003
  1.9821071e+003
  1.9821099e+003
  1.9821126e+003
  1.9821154e+003
  1.9821181e+003
  1.9821209e+003
  1.9821236e+003
  1.9821264e+003
  1.9821291e+003
  1.9821319e+003
  1.9821346e+003
  1.9821374e+003
  1.9821401e+003
  1.9821429e+003
  1.9821456e+003
  1.9821484e+003
  1.9821511e+003
  1.9821538e+003
  1.9821566e+003
  1.9821593e+003
  1.9821621e+003
  1.9821648e+003
  1.9821676e+003
  1.9821703e+003
  1.9821731e+003
  1.9821758e+003
  1.9821786e+003
  1.9821813e+003
  1.9821841e+003
  1.9821868e+003
  1.9821896e+003
  1.9821923e+003
  1.9821951e+003
  1.9821978e+003
  1.9822005e+003
  1.9822033e+003
  1.9822060e+003
  1.9822088e+003
  1.9822115e+003
  1.9822143e+003
  1.9822170e+003
  1.9822198e+003
  1.9822225e+003
  1.9822253e+003
  1.9822280e+003
  1.9822308e+003
  1.9822335e+003
  1.9822363e+003
  1.9822390e+003
  1.9822418e+003
  1.9822445e+003
  1.9822473e+003
  1.9822500e+003
  1.9822527e+003
  1.9822555e+003
  1.9822582e+003
  1.9822610e+003
  1.9822637e+003
  1.9822665e+003
  1.9822692e+003
  1.9822720e+003
  1.9822747e+003
  1.9822775e+003
  1.9822802e+003
  1.9822830e+003
  1.9822857e+003
  1.9822885e+003
  1.9822912e+003
  1.9822940e+003
  1.9822967e+003
  1.9822995e+003
  1.9823022e+003
  1.9823049e+003
  1.9823077e+003
  1.9823104e+003
  1.9823132e+003
  1.9823159e+003
  1.9823187e+003
  1.9823214e+003
  1.9823242e+003
  1.9823269e+003
  1.9823297e+003
  1.9823324e+003
  1.9823352e+003
  1.9823379e+003
  1.9823407e+003
  1.9823434e+003
  1.9823462e+003
  1.9823489e+003
  1.9823516e+003
  1.9823544e+003
  1.9823571e+003
  1.9823599e+003
  1.9823626e+003
  1.9823654e+003
  1.9823681e+003
  1.9823709e+003
  1.9823736e+003
  1.9823764e+003
  1.9823791e+003
  1.9823819e+003
  1.9823846e+003
  1.9823874e+003
  1.9823901e+003
  1.9823929e+003
  1.9823956e+003
  1.9823984e+003
  1.9824011e+003
  1.9824038e+003
  1.9824066e+003
  1.9824093e+003
  1.9824121e+003
  1.9824148e+003
  1.9824176e+003
  1.9824203e+003
  1.9824231e+003
  1.9824258e+003
  1.9824286e+003
  1.9824313e+003
  1.9824341e+003
  1.9824368e+003
  1.9824396e+003
  1.9824423e+003
  1.9824451e+003
  1.9824478e+003
  1.9824505e+003
  1.9824533e+003
  1.9824560e+003
  1.9824588e+003
  1.9824615e+003
  1.9824643e+003
  1.9824670e+003
  1.9824698e+003
  1.9824725e+003
  1.9824753e+003
  1.9824780e+003
  1.9824808e+003
  1.9824835e+003
  1.9824863e+003
  1.9824890e+003
  1.9824918e+003
  1.9824945e+003
  1.9824973e+003
  1.9825000e+003
  1.9825027e+003
  1.9825055e+003
  1.9825082e+003
  1.9825110e+003
  1.9825137e+003
  1.9825165e+003
  1.9825192e+003
  1.9825220e+003
  1.9825247e+003
  1.9825275e+003
  1.9825302e+003
  1.9825330e+003
  1.9825357e+003
  1.9825385e+003
  1.9825412e+003
  1.9825440e+003
  1.9825467e+003
  1.9825495e+003
  1.9825522e+003
  1.9825549e+003
  1.9825577e+003
  1.9825604e+003
  1.9825632e+003
  1.9825659e+003
  1.9825687e+003
  1.9825714e+003
  1.9825742e+003
  1.9825769e+003
  1.9825797e+003
  1.9825824e+003
  1.9825852e+003
  1.9825879e+003
  1.9825907e+003
  1.9825934e+003
  1.9825962e+003
  1.9825989e+003
  1.9826016e+003
  1.9826044e+003
  1.9826071e+003
  1.9826099e+003
  1.9826126e+003
  1.9826154e+003
  1.9826181e+003
  1.9826209e+003
  1.9826236e+003
  1.9826264e+003
  1.9826291e+003
  1.9826319e+003
  1.9826346e+003
  1.9826374e+003
  1.9826401e+003
  1.9826429e+003
  1.9826456e+003
  1.9826484e+003
  1.9826511e+003
  1.9826538e+003
  1.9826566e+003
  1.9826593e+003
  1.9826621e+003
  1.9826648e+003
  1.9826676e+003
  1.9826703e+003
  1.9826731e+003
  1.9826758e+003
  1.9826786e+003
  1.9826813e+003
  1.9826841e+003
  1.9826868e+003
  1.9826896e+003
  1.9826923e+003
  1.9826951e+003
  1.9826978e+003
  1.9827005e+003
  1.9827033e+003
  1.9827060e+003
  1.9827088e+003
  1.9827115e+003
  1.9827143e+003
  1.9827170e+003
  1.9827198e+003
  1.9827225e+003
  1.9827253e+003
  1.9827280e+003
  1.9827308e+003
  1.9827335e+003
  1.9827363e+003
  1.9827390e+003
  1.9827418e+003
  1.9827445e+003
  1.9827473e+003
  1.9827500e+003
  1.9827527e+003
  1.9827555e+003
  1.9827582e+003
  1.9827610e+003
  1.9827637e+003
  1.9827665e+003
  1.9827692e+003
  1.9827720e+003
  1.9827747e+003
  1.9827775e+003
  1.9827802e+003
  1.9827830e+003
  1.9827857e+003
  1.9827885e+003
  1.9827912e+003
  1.9827940e+003
  1.9827967e+003
  1.9827995e+003
  1.9828022e+003
  1.9828049e+003
  1.9828077e+003
  1.9828104e+003
  1.9828132e+003
  1.9828159e+003
  1.9828187e+003
  1.9828214e+003
  1.9828242e+003
  1.9828269e+003
  1.9828297e+003
  1.9828324e+003
  1.9828352e+003
  1.9828379e+003
  1.9828407e+003
  1.9828434e+003
  1.9828462e+003
  1.9828489e+003
  1.9828516e+003
  1.9828544e+003
  1.9828571e+003
  1.9828599e+003
  1.9828626e+003
  1.9828654e+003
  1.9828681e+003
  1.9828709e+003
  1.9828736e+003
  1.9828764e+003
  1.9828791e+003
  1.9828819e+003
  1.9828846e+003
  1.9828874e+003
  1.9828901e+003
  1.9828929e+003
  1.9828956e+003
  1.9828984e+003
  1.9829011e+003
  1.9829038e+003
  1.9829066e+003
  1.9829093e+003
  1.9829121e+003
  1.9829148e+003
  1.9829176e+003
  1.9829203e+003
  1.9829231e+003
  1.9829258e+003
  1.9829286e+003
  1.9829313e+003
  1.9829341e+003
  1.9829368e+003
  1.9829396e+003
  1.9829423e+003
  1.9829451e+003
  1.9829478e+003
  1.9829505e+003
  1.9829533e+003
  1.9829560e+003
  1.9829588e+003
  1.9829615e+003
  1.9829643e+003
  1.9829670e+003
  1.9829698e+003
  1.9829725e+003
  1.9829753e+003
  1.9829780e+003
  1.9829808e+003
  1.9829835e+003
  1.9829863e+003
  1.9829890e+003
  1.9829918e+003
  1.9829945e+003
  1.9829973e+003
  1.9830000e+003
  1.9830027e+003
  1.9830055e+003
  1.9830082e+003
  1.9830110e+003
  1.9830137e+003
  1.9830165e+003
  1.9830192e+003
  1.9830220e+003
  1.9830247e+003
  1.9830275e+003
  1.9830302e+003
  1.9830330e+003
  1.9830357e+003
  1.9830385e+003
  1.9830412e+003
  1.9830440e+003
  1.9830467e+003
  1.9830495e+003
  1.9830522e+003
  1.9830549e+003
  1.9830577e+003
  1.9830604e+003
  1.9830632e+003
  1.9830659e+003
  1.9830687e+003
  1.9830714e+003
  1.9830742e+003
  1.9830769e+003
  1.9830797e+003
  1.9830824e+003
  1.9830852e+003
  1.9830879e+003
  1.9830907e+003
  1.9830934e+003
  1.9830962e+003
  1.9830989e+003
  1.9831016e+003
  1.9831044e+003
  1.9831071e+003
  1.9831099e+003
  1.9831126e+003
  1.9831154e+003
  1.9831181e+003
  1.9831209e+003
  1.9831236e+003
  1.9831264e+003
  1.9831291e+003
  1.9831319e+003
  1.9831346e+003
  1.9831374e+003
  1.9831401e+003
  1.9831429e+003
  1.9831456e+003
  1.9831484e+003
  1.9831511e+003
  1.9831538e+003
  1.9831566e+003
  1.9831593e+003
  1.9831621e+003
  1.9831648e+003
  1.9831676e+003
  1.9831703e+003
  1.9831731e+003
  1.9831758e+003
  1.9831786e+003
  1.9831813e+003
  1.9831841e+003
  1.9831868e+003
  1.9831896e+003
  1.9831923e+003
  1.9831951e+003
  1.9831978e+003
  1.9832005e+003
  1.9832033e+003
  1.9832060e+003
  1.9832088e+003
  1.9832115e+003
  1.9832143e+003
  1.9832170e+003
  1.9832198e+003
  1.9832225e+003
  1.9832253e+003
  1.9832280e+003
  1.9832308e+003
  1.9832335e+003
  1.9832363e+003
  1.9832390e+003
  1.9832418e+003
  1.9832445e+003
  1.9832473e+003
  1.9832500e+003
  1.9832527e+003
  1.9832555e+003
  1.9832582e+003
  1.9832610e+003
  1.9832637e+003
  1.9832665e+003
  1.9832692e+003
  1.9832720e+003
  1.9832747e+003
  1.9832775e+003
  1.9832802e+003
  1.9832830e+003
  1.9832857e+003
  1.9832885e+003
  1.9832912e+003
  1.9832940e+003
  1.9832967e+003
  1.9832995e+003
  1.9833022e+003
  1.9833049e+003
  1.9833077e+003
  1.9833104e+003
  1.9833132e+003
  1.9833159e+003
  1.9833187e+003
  1.9833214e+003
  1.9833242e+003
  1.9833269e+003
  1.9833297e+003
  1.9833324e+003
  1.9833352e+003
  1.9833379e+003
  1.9833407e+003
  1.9833434e+003
  1.9833462e+003
  1.9833489e+003
  1.9833516e+003
  1.9833544e+003
  1.9833571e+003
  1.9833599e+003
  1.9833626e+003
  1.9833654e+003
  1.9833681e+003
  1.9833709e+003
  1.9833736e+003
  1.9833764e+003
  1.9833791e+003
  1.9833819e+003
  1.9833846e+003
  1.9833874e+003
  1.9833901e+003
  1.9833929e+003
  1.9833956e+003
  1.9833984e+003
  1.9834011e+003
  1.9834038e+003
  1.9834066e+003
  1.9834093e+003
  1.9834121e+003
  1.9834148e+003
  1.9834176e+003
  1.9834203e+003
  1.9834231e+003
  1.9834258e+003
  1.9834286e+003
  1.9834313e+003
  1.9834341e+003
  1.9834368e+003
  1.9834396e+003
  1.9834423e+003
  1.9834451e+003
  1.9834478e+003
  1.9834505e+003
  1.9834533e+003
  1.9834560e+003
  1.9834588e+003
  1.9834615e+003
  1.9834643e+003
  1.9834670e+003
  1.9834698e+003
  1.9834725e+003
  1.9834753e+003
  1.9834780e+003
  1.9834808e+003
  1.9834835e+003
  1.9834863e+003
  1.9834890e+003
  1.9834918e+003
  1.9834945e+003
  1.9834973e+003
  1.9835000e+003
  1.9835027e+003
  1.9835055e+003
  1.9835082e+003
  1.9835110e+003
  1.9835137e+003
  1.9835165e+003
  1.9835192e+003
  1.9835220e+003
  1.9835247e+003
  1.9835275e+003
  1.9835302e+003
  1.9835330e+003
  1.9835357e+003
  1.9835385e+003
  1.9835412e+003
  1.9835440e+003
  1.9835467e+003
  1.9835495e+003
  1.9835522e+003
  1.9835549e+003
  1.9835577e+003
  1.9835604e+003
  1.9835632e+003
  1.9835659e+003
  1.9835687e+003
  1.9835714e+003
  1.9835742e+003
  1.9835769e+003
  1.9835797e+003
  1.9835824e+003
  1.9835852e+003
  1.9835879e+003
  1.9835907e+003
  1.9835934e+003
  1.9835962e+003
  1.9835989e+003
  1.9836016e+003
  1.9836044e+003
  1.9836071e+003
  1.9836099e+003
  1.9836126e+003
  1.9836154e+003
  1.9836181e+003
  1.9836209e+003
  1.9836236e+003
  1.9836264e+003
  1.9836291e+003
  1.9836319e+003
  1.9836346e+003
  1.9836374e+003
  1.9836401e+003
  1.9836429e+003
  1.9836456e+003
  1.9836484e+003
  1.9836511e+003
  1.9836538e+003
  1.9836566e+003
  1.9836593e+003
  1.9836621e+003
  1.9836648e+003
  1.9836676e+003
  1.9836703e+003
  1.9836731e+003
  1.9836758e+003
  1.9836786e+003
  1.9836813e+003
  1.9836841e+003
  1.9836868e+003
  1.9836896e+003
  1.9836923e+003
  1.9836951e+003
  1.9836978e+003
  1.9837005e+003
  1.9837033e+003
  1.9837060e+003
  1.9837088e+003
  1.9837115e+003
  1.9837143e+003
  1.9837170e+003
  1.9837198e+003
  1.9837225e+003
  1.9837253e+003
  1.9837280e+003
  1.9837308e+003
  1.9837335e+003
  1.9837363e+003
  1.9837390e+003
  1.9837418e+003
  1.9837445e+003
  1.9837473e+003
  1.9837500e+003
  1.9837527e+003
  1.9837555e+003
  1.9837582e+003
  1.9837610e+003
  1.9837637e+003
  1.9837665e+003
  1.9837692e+003
  1.9837720e+003
  1.9837747e+003
  1.9837775e+003
  1.9837802e+003
  1.9837830e+003
  1.9837857e+003
  1.9837885e+003
  1.9837912e+003
  1.9837940e+003
  1.9837967e+003
  1.9837995e+003
  1.9838022e+003
  1.9838049e+003
  1.9838077e+003
  1.9838104e+003
  1.9838132e+003
  1.9838159e+003
  1.9838187e+003
  1.9838214e+003
  1.9838242e+003
  1.9838269e+003
  1.9838297e+003
  1.9838324e+003
  1.9838352e+003
  1.9838379e+003
  1.9838407e+003
  1.9838434e+003
  1.9838462e+003
  1.9838489e+003
  1.9838516e+003
  1.9838544e+003
  1.9838571e+003
  1.9838599e+003
  1.9838626e+003
  1.9838654e+003
  1.9838681e+003
  1.9838709e+003
  1.9838736e+003
  1.9838764e+003
  1.9838791e+003
  1.9838819e+003
  1.9838846e+003
  1.9838874e+003
  1.9838901e+003
  1.9838929e+003
  1.9838956e+003
  1.9838984e+003
  1.9839011e+003
  1.9839038e+003
  1.9839066e+003
  1.9839093e+003
  1.9839121e+003
  1.9839148e+003
  1.9839176e+003
  1.9839203e+003
  1.9839231e+003
  1.9839258e+003
  1.9839286e+003
  1.9839313e+003
  1.9839341e+003
  1.9839368e+003
  1.9839396e+003
  1.9839423e+003
  1.9839451e+003
  1.9839478e+003
  1.9839505e+003
  1.9839533e+003
  1.9839560e+003
  1.9839588e+003
  1.9839615e+003
  1.9839643e+003
  1.9839670e+003
  1.9839698e+003
  1.9839725e+003
  1.9839753e+003
  1.9839780e+003
  1.9839808e+003
  1.9839835e+003
  1.9839863e+003
  1.9839890e+003
  1.9839918e+003
  1.9839945e+003
  1.9839973e+003
  1.9840000e+003
  1.9840027e+003
  1.9840055e+003
  1.9840082e+003
  1.9840110e+003
  1.9840137e+003
  1.9840164e+003
  1.9840192e+003
  1.9840219e+003
  1.9840247e+003
  1.9840274e+003
  1.9840301e+003
  1.9840329e+003
  1.9840356e+003
  1.9840384e+003
  1.9840411e+003
  1.9840438e+003
  1.9840466e+003
  1.9840493e+003
  1.9840521e+003
  1.9840548e+003
  1.9840575e+003
  1.9840603e+003
  1.9840630e+003
  1.9840658e+003
  1.9840685e+003
  1.9840712e+003
  1.9840740e+003
  1.9840767e+003
  1.9840795e+003
  1.9840822e+003
  1.9840849e+003
  1.9840877e+003
  1.9840904e+003
  1.9840932e+003
  1.9840959e+003
  1.9840986e+003
  1.9841014e+003
  1.9841041e+003
  1.9841068e+003
  1.9841096e+003
  1.9841123e+003
  1.9841151e+003
  1.9841178e+003
  1.9841205e+003
  1.9841233e+003
  1.9841260e+003
  1.9841288e+003
  1.9841315e+003
  1.9841342e+003
  1.9841370e+003
  1.9841397e+003
  1.9841425e+003
  1.9841452e+003
  1.9841479e+003
  1.9841507e+003
  1.9841534e+003
  1.9841562e+003
  1.9841589e+003
  1.9841616e+003
  1.9841644e+003
  1.9841671e+003
  1.9841699e+003
  1.9841726e+003
  1.9841753e+003
  1.9841781e+003
  1.9841808e+003
  1.9841836e+003
  1.9841863e+003
  1.9841890e+003
  1.9841918e+003
  1.9841945e+003
  1.9841973e+003
  1.9842000e+003
  1.9842027e+003
  1.9842055e+003
  1.9842082e+003
  1.9842110e+003
  1.9842137e+003
  1.9842164e+003
  1.9842192e+003
  1.9842219e+003
  1.9842247e+003
  1.9842274e+003
  1.9842301e+003
  1.9842329e+003
  1.9842356e+003
  1.9842384e+003
  1.9842411e+003
  1.9842438e+003
  1.9842466e+003
  1.9842493e+003
  1.9842521e+003
  1.9842548e+003
  1.9842575e+003
  1.9842603e+003
  1.9842630e+003
  1.9842658e+003
  1.9842685e+003
  1.9842712e+003
  1.9842740e+003
  1.9842767e+003
  1.9842795e+003
  1.9842822e+003
  1.9842849e+003
  1.9842877e+003
  1.9842904e+003
  1.9842932e+003
  1.9842959e+003
  1.9842986e+003
  1.9843014e+003
  1.9843041e+003
  1.9843068e+003
  1.9843096e+003
  1.9843123e+003
  1.9843151e+003
  1.9843178e+003
  1.9843205e+003
  1.9843233e+003
  1.9843260e+003
  1.9843288e+003
  1.9843315e+003
  1.9843342e+003
  1.9843370e+003
  1.9843397e+003
  1.9843425e+003
  1.9843452e+003
  1.9843479e+003
  1.9843507e+003
  1.9843534e+003
  1.9843562e+003
  1.9843589e+003
  1.9843616e+003
  1.9843644e+003
  1.9843671e+003
  1.9843699e+003
  1.9843726e+003
  1.9843753e+003
  1.9843781e+003
  1.9843808e+003
  1.9843836e+003
  1.9843863e+003
  1.9843890e+003
  1.9843918e+003
  1.9843945e+003
  1.9843973e+003
  1.9844000e+003
  1.9844027e+003
  1.9844055e+003
  1.9844082e+003
  1.9844110e+003
  1.9844137e+003
  1.9844164e+003
  1.9844192e+003
  1.9844219e+003
  1.9844247e+003
  1.9844274e+003
  1.9844301e+003
  1.9844329e+003
  1.9844356e+003
  1.9844384e+003
  1.9844411e+003
  1.9844438e+003
  1.9844466e+003
  1.9844493e+003
  1.9844521e+003
  1.9844548e+003
  1.9844575e+003
  1.9844603e+003
  1.9844630e+003
  1.9844658e+003
  1.9844685e+003
  1.9844712e+003
  1.9844740e+003
  1.9844767e+003
  1.9844795e+003
  1.9844822e+003
  1.9844849e+003
  1.9844877e+003
  1.9844904e+003
  1.9844932e+003
  1.9844959e+003
  1.9844986e+003
  1.9845014e+003
  1.9845041e+003
  1.9845068e+003
  1.9845096e+003
  1.9845123e+003
  1.9845151e+003
  1.9845178e+003
  1.9845205e+003
  1.9845233e+003
  1.9845260e+003
  1.9845288e+003
  1.9845315e+003
  1.9845342e+003
  1.9845370e+003
  1.9845397e+003
  1.9845425e+003
  1.9845452e+003
  1.9845479e+003
  1.9845507e+003
  1.9845534e+003
  1.9845562e+003
  1.9845589e+003
  1.9845616e+003
  1.9845644e+003
  1.9845671e+003
  1.9845699e+003
  1.9845726e+003
  1.9845753e+003
  1.9845781e+003
  1.9845808e+003
  1.9845836e+003
  1.9845863e+003
  1.9845890e+003
  1.9845918e+003
  1.9845945e+003
  1.9845973e+003
  1.9846000e+003
  1.9846027e+003
  1.9846055e+003
  1.9846082e+003
  1.9846110e+003
  1.9846137e+003
  1.9846164e+003
  1.9846192e+003
  1.9846219e+003
  1.9846247e+003
  1.9846274e+003
  1.9846301e+003
  1.9846329e+003
  1.9846356e+003
  1.9846384e+003
  1.9846411e+003
  1.9846438e+003
  1.9846466e+003
  1.9846493e+003
  1.9846521e+003
  1.9846548e+003
  1.9846575e+003
  1.9846603e+003
  1.9846630e+003
  1.9846658e+003
  1.9846685e+003
  1.9846712e+003
  1.9846740e+003
  1.9846767e+003
  1.9846795e+003
  1.9846822e+003
  1.9846849e+003
  1.9846877e+003
  1.9846904e+003
  1.9846932e+003
  1.9846959e+003
  1.9846986e+003
  1.9847014e+003
  1.9847041e+003
  1.9847068e+003
  1.9847096e+003
  1.9847123e+003
  1.9847151e+003
  1.9847178e+003
  1.9847205e+003
  1.9847233e+003
  1.9847260e+003
  1.9847288e+003
  1.9847315e+003
  1.9847342e+003
  1.9847370e+003
  1.9847397e+003
  1.9847425e+003
  1.9847452e+003
  1.9847479e+003
  1.9847507e+003
  1.9847534e+003
  1.9847562e+003
  1.9847589e+003
  1.9847616e+003
  1.9847644e+003
  1.9847671e+003
  1.9847699e+003
  1.9847726e+003
  1.9847753e+003
  1.9847781e+003
  1.9847808e+003
  1.9847836e+003
  1.9847863e+003
  1.9847890e+003
  1.9847918e+003
  1.9847945e+003
  1.9847973e+003
  1.9848000e+003
  1.9848027e+003
  1.9848055e+003
  1.9848082e+003
  1.9848110e+003
  1.9848137e+003
  1.9848164e+003
  1.9848192e+003
  1.9848219e+003
  1.9848247e+003
  1.9848274e+003
  1.9848301e+003
  1.9848329e+003
  1.9848356e+003
  1.9848384e+003
  1.9848411e+003
  1.9848438e+003
  1.9848466e+003
  1.9848493e+003
  1.9848521e+003
  1.9848548e+003
  1.9848575e+003
  1.9848603e+003
  1.9848630e+003
  1.9848658e+003
  1.9848685e+003
  1.9848712e+003
  1.9848740e+003
  1.9848767e+003
  1.9848795e+003
  1.9848822e+003
  1.9848849e+003
  1.9848877e+003
  1.9848904e+003
  1.9848932e+003
  1.9848959e+003
  1.9848986e+003
  1.9849014e+003
  1.9849041e+003
  1.9849068e+003
  1.9849096e+003
  1.9849123e+003
  1.9849151e+003
  1.9849178e+003
  1.9849205e+003
  1.9849233e+003
  1.9849260e+003
  1.9849288e+003
  1.9849315e+003
  1.9849342e+003
  1.9849370e+003
  1.9849397e+003
  1.9849425e+003
  1.9849452e+003
  1.9849479e+003
  1.9849507e+003
  1.9849534e+003
  1.9849562e+003
  1.9849589e+003
  1.9849616e+003
  1.9849644e+003
  1.9849671e+003
  1.9849699e+003
  1.9849726e+003
  1.9849753e+003
  1.9849781e+003
  1.9849808e+003
  1.9849836e+003
  1.9849863e+003
  1.9849890e+003
  1.9849918e+003
  1.9849945e+003
  1.9849973e+003
  1.9850000e+003
  1.9850027e+003
  1.9850055e+003
  1.9850082e+003
  1.9850110e+003
  1.9850137e+003
  1.9850165e+003
  1.9850192e+003
  1.9850220e+003
  1.9850247e+003
  1.9850275e+003
  1.9850302e+003
  1.9850330e+003
  1.9850357e+003
  1.9850385e+003
  1.9850412e+003
  1.9850440e+003
  1.9850467e+003
  1.9850495e+003
  1.9850522e+003
  1.9850549e+003
  1.9850577e+003
  1.9850604e+003
  1.9850632e+003
  1.9850659e+003
  1.9850687e+003
  1.9850714e+003
  1.9850742e+003
  1.9850769e+003
  1.9850797e+003
  1.9850824e+003
  1.9850852e+003
  1.9850879e+003
  1.9850907e+003
  1.9850934e+003
  1.9850962e+003
  1.9850989e+003
  1.9851016e+003
  1.9851044e+003
  1.9851071e+003
  1.9851099e+003
  1.9851126e+003
  1.9851154e+003
  1.9851181e+003
  1.9851209e+003
  1.9851236e+003
  1.9851264e+003
  1.9851291e+003
  1.9851319e+003
  1.9851346e+003
  1.9851374e+003
  1.9851401e+003
  1.9851429e+003
  1.9851456e+003
  1.9851484e+003
  1.9851511e+003
  1.9851538e+003
  1.9851566e+003
  1.9851593e+003
  1.9851621e+003
  1.9851648e+003
  1.9851676e+003
  1.9851703e+003
  1.9851731e+003
  1.9851758e+003
  1.9851786e+003
  1.9851813e+003
  1.9851841e+003
  1.9851868e+003
  1.9851896e+003
  1.9851923e+003
  1.9851951e+003
  1.9851978e+003
  1.9852005e+003
  1.9852033e+003
  1.9852060e+003
  1.9852088e+003
  1.9852115e+003
  1.9852143e+003
  1.9852170e+003
  1.9852198e+003
  1.9852225e+003
  1.9852253e+003
  1.9852280e+003
  1.9852308e+003
  1.9852335e+003
  1.9852363e+003
  1.9852390e+003
  1.9852418e+003
  1.9852445e+003
  1.9852473e+003
  1.9852500e+003
  1.9852527e+003
  1.9852555e+003
  1.9852582e+003
  1.9852610e+003
  1.9852637e+003
  1.9852665e+003
  1.9852692e+003
  1.9852720e+003
  1.9852747e+003
  1.9852775e+003
  1.9852802e+003
  1.9852830e+003
  1.9852857e+003
  1.9852885e+003
  1.9852912e+003
  1.9852940e+003
  1.9852967e+003
  1.9852995e+003
  1.9853022e+003
  1.9853049e+003
  1.9853077e+003
  1.9853104e+003
  1.9853132e+003
  1.9853159e+003
  1.9853187e+003
  1.9853214e+003
  1.9853242e+003
  1.9853269e+003
  1.9853297e+003
  1.9853324e+003
  1.9853352e+003
  1.9853379e+003
  1.9853407e+003
  1.9853434e+003
  1.9853462e+003
  1.9853489e+003
  1.9853516e+003
  1.9853544e+003
  1.9853571e+003
  1.9853599e+003
  1.9853626e+003
  1.9853654e+003
  1.9853681e+003
  1.9853709e+003
  1.9853736e+003
  1.9853764e+003
  1.9853791e+003
  1.9853819e+003
  1.9853846e+003
  1.9853874e+003
  1.9853901e+003
  1.9853929e+003
  1.9853956e+003
  1.9853984e+003
  1.9854011e+003
  1.9854038e+003
  1.9854066e+003
  1.9854093e+003
  1.9854121e+003
  1.9854148e+003
  1.9854176e+003
  1.9854203e+003
  1.9854231e+003
  1.9854258e+003
  1.9854286e+003
  1.9854313e+003
  1.9854341e+003
  1.9854368e+003
  1.9854396e+003
  1.9854423e+003
  1.9854451e+003
  1.9854478e+003
  1.9854505e+003
  1.9854533e+003
  1.9854560e+003
  1.9854588e+003
  1.9854615e+003
  1.9854643e+003
  1.9854670e+003
  1.9854698e+003
  1.9854725e+003
  1.9854753e+003
  1.9854780e+003
  1.9854808e+003
  1.9854835e+003
  1.9854863e+003
  1.9854890e+003
  1.9854918e+003
  1.9854945e+003
  1.9854973e+003
  1.9855000e+003
  1.9855027e+003
  1.9855055e+003
  1.9855082e+003
  1.9855110e+003
  1.9855137e+003
  1.9855165e+003
  1.9855192e+003
  1.9855220e+003
  1.9855247e+003
  1.9855275e+003
  1.9855302e+003
  1.9855330e+003
  1.9855357e+003
  1.9855385e+003
  1.9855412e+003
  1.9855440e+003
  1.9855467e+003
  1.9855495e+003
  1.9855522e+003
  1.9855549e+003
  1.9855577e+003
  1.9855604e+003
  1.9855632e+003
  1.9855659e+003
  1.9855687e+003
  1.9855714e+003
  1.9855742e+003
  1.9855769e+003
  1.9855797e+003
  1.9855824e+003
  1.9855852e+003
  1.9855879e+003
  1.9855907e+003
  1.9855934e+003
  1.9855962e+003
  1.9855989e+003
  1.9856016e+003
  1.9856044e+003
  1.9856071e+003
  1.9856099e+003
  1.9856126e+003
  1.9856154e+003
  1.9856181e+003
  1.9856209e+003
  1.9856236e+003
  1.9856264e+003
  1.9856291e+003
  1.9856319e+003
  1.9856346e+003
  1.9856374e+003
  1.9856401e+003
  1.9856429e+003
  1.9856456e+003
  1.9856484e+003
  1.9856511e+003
  1.9856538e+003
  1.9856566e+003
  1.9856593e+003
  1.9856621e+003
  1.9856648e+003
  1.9856676e+003
  1.9856703e+003
  1.9856731e+003
  1.9856758e+003
  1.9856786e+003
  1.9856813e+003
  1.9856841e+003
  1.9856868e+003
  1.9856896e+003
  1.9856923e+003
  1.9856951e+003
  1.9856978e+003
  1.9857005e+003
  1.9857033e+003
  1.9857060e+003
  1.9857088e+003
  1.9857115e+003
  1.9857143e+003
  1.9857170e+003
  1.9857198e+003
  1.9857225e+003
  1.9857253e+003
  1.9857280e+003
  1.9857308e+003
  1.9857335e+003
  1.9857363e+003
  1.9857390e+003
  1.9857418e+003
  1.9857445e+003
  1.9857473e+003
  1.9857500e+003
  1.9857527e+003
  1.9857555e+003
  1.9857582e+003
  1.9857610e+003
  1.9857637e+003
  1.9857665e+003
  1.9857692e+003
  1.9857720e+003
  1.9857747e+003
  1.9857775e+003
  1.9857802e+003
  1.9857830e+003
  1.9857857e+003
  1.9857885e+003
  1.9857912e+003
  1.9857940e+003
  1.9857967e+003
  1.9857995e+003
  1.9858022e+003
  1.9858049e+003
  1.9858077e+003
  1.9858104e+003
  1.9858132e+003
  1.9858159e+003
  1.9858187e+003
  1.9858214e+003
  1.9858242e+003
  1.9858269e+003
  1.9858297e+003
  1.9858324e+003
  1.9858352e+003
  1.9858379e+003
  1.9858407e+003
  1.9858434e+003
  1.9858462e+003
  1.9858489e+003
  1.9858516e+003
  1.9858544e+003
  1.9858571e+003
  1.9858599e+003
  1.9858626e+003
  1.9858654e+003
  1.9858681e+003
  1.9858709e+003
  1.9858736e+003
  1.9858764e+003
  1.9858791e+003
  1.9858819e+003
  1.9858846e+003
  1.9858874e+003
  1.9858901e+003
  1.9858929e+003
  1.9858956e+003
  1.9858984e+003
  1.9859011e+003
  1.9859038e+003
  1.9859066e+003
  1.9859093e+003
  1.9859121e+003
  1.9859148e+003
  1.9859176e+003
  1.9859203e+003
  1.9859231e+003
  1.9859258e+003
  1.9859286e+003
  1.9859313e+003
  1.9859341e+003
  1.9859368e+003
  1.9859396e+003
  1.9859423e+003
  1.9859451e+003
  1.9859478e+003
  1.9859505e+003
  1.9859533e+003
  1.9859560e+003
  1.9859588e+003
  1.9859615e+003
  1.9859643e+003
  1.9859670e+003
  1.9859698e+003
  1.9859725e+003
  1.9859753e+003
  1.9859780e+003
  1.9859808e+003
  1.9859835e+003
  1.9859863e+003
  1.9859890e+003
  1.9859918e+003
  1.9859945e+003
  1.9859973e+003
  1.9860000e+003
  1.9860027e+003
  1.9860055e+003
  1.9860082e+003
  1.9860110e+003
  1.9860137e+003
  1.9860165e+003
  1.9860192e+003
  1.9860220e+003
  1.9860247e+003
  1.9860275e+003
  1.9860302e+003
  1.9860330e+003
  1.9860357e+003
  1.9860385e+003
  1.9860412e+003
  1.9860440e+003
  1.9860467e+003
  1.9860495e+003
  1.9860522e+003
  1.9860549e+003
  1.9860577e+003
  1.9860604e+003
  1.9860632e+003
  1.9860659e+003
  1.9860687e+003
  1.9860714e+003
  1.9860742e+003
  1.9860769e+003
  1.9860797e+003
  1.9860824e+003
  1.9860852e+003
  1.9860879e+003
  1.9860907e+003
  1.9860934e+003
  1.9860962e+003
  1.9860989e+003
  1.9861016e+003
  1.9861044e+003
  1.9861071e+003
  1.9861099e+003
  1.9861126e+003
  1.9861154e+003
  1.9861181e+003
  1.9861209e+003
  1.9861236e+003
  1.9861264e+003
  1.9861291e+003
  1.9861319e+003
  1.9861346e+003
  1.9861374e+003
  1.9861401e+003
  1.9861429e+003
  1.9861456e+003
  1.9861484e+003
  1.9861511e+003
  1.9861538e+003
  1.9861566e+003
  1.9861593e+003
  1.9861621e+003
  1.9861648e+003
  1.9861676e+003
  1.9861703e+003
  1.9861731e+003
  1.9861758e+003
  1.9861786e+003
  1.9861813e+003
  1.9861841e+003
  1.9861868e+003
  1.9861896e+003
  1.9861923e+003
  1.9861951e+003
  1.9861978e+003
  1.9862005e+003
  1.9862033e+003
  1.9862060e+003
  1.9862088e+003
  1.9862115e+003
  1.9862143e+003
  1.9862170e+003
  1.9862198e+003
  1.9862225e+003
  1.9862253e+003
  1.9862280e+003
  1.9862308e+003
  1.9862335e+003
  1.9862363e+003
  1.9862390e+003
  1.9862418e+003
  1.9862445e+003
  1.9862473e+003
  1.9862500e+003
  1.9862527e+003
  1.9862555e+003
  1.9862582e+003
  1.9862610e+003
  1.9862637e+003
  1.9862665e+003
  1.9862692e+003
  1.9862720e+003
  1.9862747e+003
  1.9862775e+003
  1.9862802e+003
  1.9862830e+003
  1.9862857e+003
  1.9862885e+003
  1.9862912e+003
  1.9862940e+003
  1.9862967e+003
  1.9862995e+003
  1.9863022e+003
  1.9863049e+003
  1.9863077e+003
  1.9863104e+003
  1.9863132e+003
  1.9863159e+003
  1.9863187e+003
  1.9863214e+003
  1.9863242e+003
  1.9863269e+003
  1.9863297e+003
  1.9863324e+003
  1.9863352e+003
  1.9863379e+003
  1.9863407e+003
  1.9863434e+003
  1.9863462e+003
  1.9863489e+003
  1.9863516e+003
  1.9863544e+003
  1.9863571e+003
  1.9863599e+003
  1.9863626e+003
  1.9863654e+003
  1.9863681e+003
  1.9863709e+003
  1.9863736e+003
  1.9863764e+003
  1.9863791e+003
  1.9863819e+003
  1.9863846e+003
  1.9863874e+003
  1.9863901e+003
  1.9863929e+003
  1.9863956e+003
  1.9863984e+003
  1.9864011e+003
  1.9864038e+003
  1.9864066e+003
  1.9864093e+003
  1.9864121e+003
  1.9864148e+003
  1.9864176e+003
  1.9864203e+003
  1.9864231e+003
  1.9864258e+003
  1.9864286e+003
  1.9864313e+003
  1.9864341e+003
  1.9864368e+003
  1.9864396e+003
  1.9864423e+003
  1.9864451e+003
  1.9864478e+003
  1.9864505e+003
  1.9864533e+003
  1.9864560e+003
  1.9864588e+003
  1.9864615e+003
  1.9864643e+003
  1.9864670e+003
  1.9864698e+003
  1.9864725e+003
  1.9864753e+003
  1.9864780e+003
  1.9864808e+003
  1.9864835e+003
  1.9864863e+003
  1.9864890e+003
  1.9864918e+003
  1.9864945e+003
  1.9864973e+003
  1.9865000e+003
  1.9865027e+003
  1.9865055e+003
  1.9865082e+003
  1.9865110e+003
  1.9865137e+003
  1.9865165e+003
  1.9865192e+003
  1.9865220e+003
  1.9865247e+003
  1.9865275e+003
  1.9865302e+003
  1.9865330e+003
  1.9865357e+003
  1.9865385e+003
  1.9865412e+003
  1.9865440e+003
  1.9865467e+003
  1.9865495e+003
  1.9865522e+003
  1.9865549e+003
  1.9865577e+003
  1.9865604e+003
  1.9865632e+003
  1.9865659e+003
  1.9865687e+003
  1.9865714e+003
  1.9865742e+003
  1.9865769e+003
  1.9865797e+003
  1.9865824e+003
  1.9865852e+003
  1.9865879e+003
  1.9865907e+003
  1.9865934e+003
  1.9865962e+003
  1.9865989e+003
  1.9866016e+003
  1.9866044e+003
  1.9866071e+003
  1.9866099e+003
  1.9866126e+003
  1.9866154e+003
  1.9866181e+003
  1.9866209e+003
  1.9866236e+003
  1.9866264e+003
  1.9866291e+003
  1.9866319e+003
  1.9866346e+003
  1.9866374e+003
  1.9866401e+003
  1.9866429e+003
  1.9866456e+003
  1.9866484e+003
  1.9866511e+003
  1.9866538e+003
  1.9866566e+003
  1.9866593e+003
  1.9866621e+003
  1.9866648e+003
  1.9866676e+003
  1.9866703e+003
  1.9866731e+003
  1.9866758e+003
  1.9866786e+003
  1.9866813e+003
  1.9866841e+003
  1.9866868e+003
  1.9866896e+003
  1.9866923e+003
  1.9866951e+003
  1.9866978e+003
  1.9867005e+003
  1.9867033e+003
  1.9867060e+003
  1.9867088e+003
  1.9867115e+003
  1.9867143e+003
  1.9867170e+003
  1.9867198e+003
  1.9867225e+003
  1.9867253e+003
  1.9867280e+003
  1.9867308e+003
  1.9867335e+003
  1.9867363e+003
  1.9867390e+003
  1.9867418e+003
  1.9867445e+003
  1.9867473e+003
  1.9867500e+003
  1.9867527e+003
  1.9867555e+003
  1.9867582e+003
  1.9867610e+003
  1.9867637e+003
  1.9867665e+003
  1.9867692e+003
  1.9867720e+003
  1.9867747e+003
  1.9867775e+003
  1.9867802e+003
  1.9867830e+003
  1.9867857e+003
  1.9867885e+003
  1.9867912e+003
  1.9867940e+003
  1.9867967e+003
  1.9867995e+003
  1.9868022e+003
  1.9868049e+003
  1.9868077e+003
  1.9868104e+003
  1.9868132e+003
  1.9868159e+003
  1.9868187e+003
  1.9868214e+003
  1.9868242e+003
  1.9868269e+003
  1.9868297e+003
  1.9868324e+003
  1.9868352e+003
  1.9868379e+003
  1.9868407e+003
  1.9868434e+003
  1.9868462e+003
  1.9868489e+003
  1.9868516e+003
  1.9868544e+003
  1.9868571e+003
  1.9868599e+003
  1.9868626e+003
  1.9868654e+003
  1.9868681e+003
  1.9868709e+003
  1.9868736e+003
  1.9868764e+003
  1.9868791e+003
  1.9868819e+003
  1.9868846e+003
  1.9868874e+003
  1.9868901e+003
  1.9868929e+003
  1.9868956e+003
  1.9868984e+003
  1.9869011e+003
  1.9869038e+003
  1.9869066e+003
  1.9869093e+003
  1.9869121e+003
  1.9869148e+003
  1.9869176e+003
  1.9869203e+003
  1.9869231e+003
  1.9869258e+003
  1.9869286e+003
  1.9869313e+003
  1.9869341e+003
  1.9869368e+003
  1.9869396e+003
  1.9869423e+003
  1.9869451e+003
  1.9869478e+003
  1.9869505e+003
  1.9869533e+003
  1.9869560e+003
  1.9869588e+003
  1.9869615e+003
  1.9869643e+003
  1.9869670e+003
  1.9869698e+003
  1.9869725e+003
  1.9869753e+003
  1.9869780e+003
  1.9869808e+003
  1.9869835e+003
  1.9869863e+003
  1.9869890e+003
  1.9869918e+003
  1.9869945e+003
  1.9869973e+003
  1.9870000e+003
  1.9870027e+003
  1.9870055e+003
  1.9870082e+003
  1.9870110e+003
  1.9870137e+003
  1.9870164e+003
  1.9870192e+003
  1.9870219e+003
  1.9870247e+003
  1.9870274e+003
  1.9870301e+003
  1.9870329e+003
  1.9870356e+003
  1.9870383e+003
  1.9870411e+003
  1.9870438e+003
  1.9870466e+003
  1.9870493e+003
  1.9870520e+003
  1.9870548e+003
  1.9870575e+003
  1.9870603e+003
  1.9870630e+003
  1.9870657e+003
  1.9870685e+003
  1.9870712e+003
  1.9870740e+003
  1.9870767e+003
  1.9870794e+003
  1.9870822e+003
  1.9870849e+003
  1.9870877e+003
  1.9870904e+003
  1.9870931e+003
  1.9870959e+003
  1.9870986e+003
  1.9871014e+003
  1.9871041e+003
  1.9871068e+003
  1.9871096e+003
  1.9871123e+003
  1.9871151e+003
  1.9871178e+003
  1.9871205e+003
  1.9871233e+003
  1.9871260e+003
  1.9871288e+003
  1.9871315e+003
  1.9871342e+003
  1.9871370e+003
  1.9871397e+003
  1.9871425e+003
  1.9871452e+003
  1.9871479e+003
  1.9871507e+003
  1.9871534e+003
  1.9871562e+003
  1.9871589e+003
  1.9871616e+003
  1.9871644e+003
  1.9871671e+003
  1.9871699e+003
  1.9871726e+003
  1.9871753e+003
  1.9871781e+003
  1.9871808e+003
  1.9871836e+003
  1.9871863e+003
  1.9871890e+003
  1.9871918e+003
  1.9871945e+003
  1.9871973e+003
  1.9872000e+003
  1.9872027e+003
  1.9872055e+003
  1.9872082e+003
  1.9872110e+003
  1.9872137e+003
  1.9872164e+003
  1.9872192e+003
  1.9872219e+003
  1.9872247e+003
  1.9872274e+003
  1.9872301e+003
  1.9872329e+003
  1.9872356e+003
  1.9872383e+003
  1.9872411e+003
  1.9872438e+003
  1.9872466e+003
  1.9872493e+003
  1.9872520e+003
  1.9872548e+003
  1.9872575e+003
  1.9872603e+003
  1.9872630e+003
  1.9872657e+003
  1.9872685e+003
  1.9872712e+003
  1.9872740e+003
  1.9872767e+003
  1.9872794e+003
  1.9872822e+003
  1.9872849e+003
  1.9872877e+003
  1.9872904e+003
  1.9872931e+003
  1.9872959e+003
  1.9872986e+003
  1.9873014e+003
  1.9873041e+003
  1.9873068e+003
  1.9873096e+003
  1.9873123e+003
  1.9873151e+003
  1.9873178e+003
  1.9873205e+003
  1.9873233e+003
  1.9873260e+003
  1.9873288e+003
  1.9873315e+003
  1.9873342e+003
  1.9873370e+003
  1.9873397e+003
  1.9873425e+003
  1.9873452e+003
  1.9873479e+003
  1.9873507e+003
  1.9873534e+003
  1.9873562e+003
  1.9873589e+003
  1.9873616e+003
  1.9873644e+003
  1.9873671e+003
  1.9873699e+003
  1.9873726e+003
  1.9873753e+003
  1.9873781e+003
  1.9873808e+003
  1.9873836e+003
  1.9873863e+003
  1.9873890e+003
  1.9873918e+003
  1.9873945e+003
  1.9873973e+003
  1.9874000e+003
  1.9874027e+003
  1.9874055e+003
  1.9874082e+003
  1.9874110e+003
  1.9874137e+003
  1.9874164e+003
  1.9874192e+003
  1.9874219e+003
  1.9874247e+003
  1.9874274e+003
  1.9874301e+003
  1.9874329e+003
  1.9874356e+003
  1.9874383e+003
  1.9874411e+003
  1.9874438e+003
  1.9874466e+003
  1.9874493e+003
  1.9874520e+003
  1.9874548e+003
  1.9874575e+003
  1.9874603e+003
  1.9874630e+003
  1.9874657e+003
  1.9874685e+003
  1.9874712e+003
  1.9874740e+003
  1.9874767e+003
  1.9874794e+003
  1.9874822e+003
  1.9874849e+003
  1.9874877e+003
  1.9874904e+003
  1.9874931e+003
  1.9874959e+003
  1.9874986e+003
  1.9875014e+003
  1.9875041e+003
  1.9875068e+003
  1.9875096e+003
  1.9875123e+003
  1.9875151e+003
  1.9875178e+003
  1.9875205e+003
  1.9875233e+003
  1.9875260e+003
  1.9875288e+003
  1.9875315e+003
  1.9875342e+003
  1.9875370e+003
  1.9875397e+003
  1.9875425e+003
  1.9875452e+003
  1.9875479e+003
  1.9875507e+003
  1.9875534e+003
  1.9875562e+003
  1.9875589e+003
  1.9875616e+003
  1.9875644e+003
  1.9875671e+003
  1.9875699e+003
  1.9875726e+003
  1.9875753e+003
  1.9875781e+003
  1.9875808e+003
  1.9875836e+003
  1.9875863e+003
  1.9875890e+003
  1.9875918e+003
  1.9875945e+003
  1.9875973e+003
  1.9876000e+003
  1.9876027e+003
  1.9876055e+003
  1.9876082e+003
  1.9876110e+003
  1.9876137e+003
  1.9876164e+003
  1.9876192e+003
  1.9876219e+003
  1.9876247e+003
  1.9876274e+003
  1.9876301e+003
  1.9876329e+003
  1.9876356e+003
  1.9876383e+003
  1.9876411e+003
  1.9876438e+003
  1.9876466e+003
  1.9876493e+003
  1.9876520e+003
  1.9876548e+003
  1.9876575e+003
  1.9876603e+003
  1.9876630e+003
  1.9876657e+003
  1.9876685e+003
  1.9876712e+003
  1.9876740e+003
  1.9876767e+003
  1.9876794e+003
  1.9876822e+003
  1.9876849e+003
  1.9876877e+003
  1.9876904e+003
  1.9876931e+003
  1.9876959e+003
  1.9876986e+003
  1.9877014e+003
  1.9877041e+003
  1.9877068e+003
  1.9877096e+003
  1.9877123e+003
  1.9877151e+003
  1.9877178e+003
  1.9877205e+003
  1.9877233e+003
  1.9877260e+003
  1.9877288e+003
  1.9877315e+003
  1.9877342e+003
  1.9877370e+003
  1.9877397e+003
  1.9877425e+003
  1.9877452e+003
  1.9877479e+003
  1.9877507e+003
  1.9877534e+003
  1.9877562e+003
  1.9877589e+003
  1.9877616e+003
  1.9877644e+003
  1.9877671e+003
  1.9877699e+003
  1.9877726e+003
  1.9877753e+003
  1.9877781e+003
  1.9877808e+003
  1.9877836e+003
  1.9877863e+003
  1.9877890e+003
  1.9877918e+003
  1.9877945e+003
  1.9877973e+003
  1.9878000e+003
  1.9878027e+003
  1.9878055e+003
  1.9878082e+003
  1.9878110e+003
  1.9878137e+003
  1.9878164e+003
  1.9878192e+003
  1.9878219e+003
  1.9878247e+003
  1.9878274e+003
  1.9878301e+003
  1.9878329e+003
  1.9878356e+003
  1.9878383e+003
  1.9878411e+003
  1.9878438e+003
  1.9878466e+003
  1.9878493e+003
  1.9878520e+003
  1.9878548e+003
  1.9878575e+003
  1.9878603e+003
  1.9878630e+003
  1.9878657e+003
  1.9878685e+003
  1.9878712e+003
  1.9878740e+003
  1.9878767e+003
  1.9878794e+003
  1.9878822e+003
  1.9878849e+003
  1.9878877e+003
  1.9878904e+003
  1.9878931e+003
  1.9878959e+003
  1.9878986e+003
  1.9879014e+003
  1.9879041e+003
  1.9879068e+003
  1.9879096e+003
  1.9879123e+003
  1.9879151e+003
  1.9879178e+003
  1.9879205e+003
  1.9879233e+003
  1.9879260e+003
  1.9879288e+003
  1.9879315e+003
  1.9879342e+003
  1.9879370e+003
  1.9879397e+003
  1.9879425e+003
  1.9879452e+003
  1.9879479e+003
  1.9879507e+003
  1.9879534e+003
  1.9879562e+003
  1.9879589e+003
  1.9879616e+003
  1.9879644e+003
  1.9879671e+003
  1.9879699e+003
  1.9879726e+003
  1.9879753e+003
  1.9879781e+003
  1.9879808e+003
  1.9879836e+003
  1.9879863e+003
  1.9879890e+003
  1.9879918e+003
  1.9879945e+003
  1.9879973e+003
