  0.0000000e+000
  0.0000000e+000
  0.0000000e+000
  0.0000000e+000
  0.0000000e+000
  0.0000000e+000
  0.0000000e+000
  0.0000000e+000
  0.0000000e+000
  0.0000000e+000
  0.0000000e+000
  0.0000000e+000
  0.0000000e+000
  0.0000000e+000
  0.0000000e+000
  0.0000000e+000
  0.0000000e+000
  5.1700000e+000
  2.6900000e+000
  0.0000000e+000
  0.0000000e+000
  0.0000000e+000
  0.0000000e+000
  0.0000000e+000
  0.0000000e+000
  0.0000000e+000
  0.0000000e+000
  0.0000000e+000
  0.0000000e+000
  0.0000000e+000
  0.0000000e+000
  0.0000000e+000
  0.0000000e+000
  0.0000000e+000
  0.0000000e+000
  0.0000000e+000
  0.0000000e+000
  0.0000000e+000
  0.0000000e+000
  0.0000000e+000
  0.0000000e+000
  3.4000000e-001
  8.0000000e-002
  0.0000000e+000
  0.0000000e+000
  0.0000000e+000
  0.0000000e+000
  0.0000000e+000
  0.0000000e+000
  0.0000000e+000
  0.0000000e+000
  9.0600000e+000
  0.0000000e+000
  0.0000000e+000
  0.0000000e+000
  0.0000000e+000
  0.0000000e+000
  0.0000000e+000
  0.0000000e+000
  0.0000000e+000
  0.0000000e+000
  0.0000000e+000
  0.0000000e+000
  0.0000000e+000
  0.0000000e+000
  0.0000000e+000
  0.0000000e+000
  0.0000000e+000
  0.0000000e+000
  0.0000000e+000
  0.0000000e+000
  0.0000000e+000
  0.0000000e+000
  0.0000000e+000
  0.0000000e+000
  0.0000000e+000
  0.0000000e+000
  1.1000000e-001
  0.0000000e+000
  0.0000000e+000
  0.0000000e+000
  0.0000000e+000
  1.2700000e+000
  9.0000000e-002
  0.0000000e+000
  0.0000000e+000
  8.0000000e-001
  1.1800000e+000
  4.0000000e-002
  0.0000000e+000
  0.0000000e+000
  0.0000000e+000
  0.0000000e+000
  0.0000000e+000
  0.0000000e+000
  0.0000000e+000
  0.0000000e+000
  0.0000000e+000
  0.0000000e+000
  0.0000000e+000
  0.0000000e+000
  0.0000000e+000
  0.0000000e+000
  0.0000000e+000
  0.0000000e+000
  0.0000000e+000
  0.0000000e+000
  0.0000000e+000
  0.0000000e+000
  0.0000000e+000
  0.0000000e+000
  0.0000000e+000
  0.0000000e+000
  0.0000000e+000
  0.0000000e+000
  0.0000000e+000
  2.4800000e+000
  0.0000000e+000
  1.1000000e-001
  3.9000000e-001
  9.5000000e-001
  4.4000000e-001
  4.0000000e-001
  0.0000000e+000
  0.0000000e+000
  0.0000000e+000
  6.6000000e+000
  6.0000000e-002
  0.0000000e+000
  2.5700000e+000
  3.7900000e+000
  4.0000000e-002
  4.0000000e-002
  0.0000000e+000
  5.3400000e+000
  3.8890000e+001
  5.9200000e+000
  9.9100000e+000
  1.2000000e-001
  6.0000000e-002
  2.2000000e-001
  5.2100000e+000
  7.0000000e-002
  4.9000000e+000
  3.1700000e+000
  1.0200000e+000
  0.0000000e+000
  0.0000000e+000
  0.0000000e+000
  0.0000000e+000
  0.0000000e+000
  0.0000000e+000
  0.0000000e+000
  0.0000000e+000
  0.0000000e+000
  6.9900000e+000
  2.5600000e+000
  0.0000000e+000
  0.0000000e+000
  2.6000000e-001
  9.3600000e+000
  8.0900000e+000
  2.6600000e+000
  1.2300000e+000
  1.5980000e+001
  4.5900000e+000
  1.5840000e+001
  1.2700000e+000
  0.0000000e+000
  4.0000000e-002
  0.0000000e+000
  1.3000000e-001
  0.0000000e+000
  0.0000000e+000
  0.0000000e+000
  0.0000000e+000
  8.0700000e+000
  9.0000000e-002
  9.0000000e-002
  0.0000000e+000
  3.2600000e+000
  2.3500000e+000
  1.3670000e+001
  1.1200000e+000
  0.0000000e+000
  0.0000000e+000
  6.0000000e-002
  9.0000000e-002
  1.4000000e+000
  1.3900000e+000
  9.0000000e-002
  3.5900000e+000
  4.2900000e+000
  3.1000000e-001
  0.0000000e+000
  0.0000000e+000
  0.0000000e+000
  1.4800000e+001
  1.3250000e+001
  1.3100000e+000
  2.0380000e+001
  4.5000000e+000
  3.5400000e+000
  8.0000000e-002
  0.0000000e+000
  4.0000000e-002
  0.0000000e+000
  0.0000000e+000
  0.0000000e+000
  5.6000000e-001
  3.4000000e+000
  0.0000000e+000
  6.3100000e+000
  2.2420000e+001
  5.9300000e+000
  1.1200000e+000
  9.0000000e-002
  1.8000000e-001
  0.0000000e+000
  5.0880000e+001
  5.2600000e+000
  4.4360000e+001
  2.0010000e+001
  1.0800000e+000
  8.5800000e+000
  3.1000000e-001
  1.4000000e-001
  0.0000000e+000
  0.0000000e+000
  1.0160000e+001
  1.2020000e+001
  4.5600000e+000
  3.0200000e+000
  3.4600000e+000
  1.5400000e+000
  3.1700000e+000
  3.6400000e+000
  1.1100000e+000
  3.4000000e+000
  3.0000000e-002
  0.0000000e+000
  0.0000000e+000
  0.0000000e+000
  0.0000000e+000
  0.0000000e+000
  0.0000000e+000
  0.0000000e+000
  0.0000000e+000
  0.0000000e+000
  8.3100000e+000
  2.6000000e-001
  0.0000000e+000
  0.0000000e+000
  0.0000000e+000
  9.0000000e-002
  0.0000000e+000
  0.0000000e+000
  2.2000000e-001
  9.0400000e+000
  3.0500000e+000
  1.0000000e-001
  0.0000000e+000
  0.0000000e+000
  0.0000000e+000
  4.9700000e+000
  3.1000000e-001
  2.8000000e-001
  6.0000000e-002
  0.0000000e+000
  0.0000000e+000
  0.0000000e+000
  0.0000000e+000
  1.3000000e-001
  1.4200000e+001
  3.2900000e+000
  1.4030000e+001
  1.4500000e+000
  7.7600000e+000
  0.0000000e+000
  0.0000000e+000
  1.1190000e+001
  6.8000000e-001
  2.0600000e+000
  1.1800000e+000
  8.9600000e+000
  0.0000000e+000
  6.0000000e-002
  0.0000000e+000
  0.0000000e+000
  0.0000000e+000
  0.0000000e+000
  0.0000000e+000
  0.0000000e+000
  0.0000000e+000
  0.0000000e+000
  0.0000000e+000
  0.0000000e+000
  0.0000000e+000
  0.0000000e+000
  2.7000000e+000
  1.1500000e+001
  0.0000000e+000
  2.1880000e+001
  3.2900000e+000
  9.5000000e-001
  4.5000000e-001
  6.6000000e-001
  0.0000000e+000
  0.0000000e+000
  0.0000000e+000
  0.0000000e+000
  2.2000000e-001
  7.2000000e-001
  6.0000000e-002
  0.0000000e+000
  0.0000000e+000
  0.0000000e+000
  0.0000000e+000
  5.5000000e-001
  4.0000000e-002
  0.0000000e+000
  0.0000000e+000
  0.0000000e+000
  0.0000000e+000
  0.0000000e+000
  0.0000000e+000
  1.1000000e-001
  4.3900000e+000
  1.1200000e+000
  6.7000000e-001
  0.0000000e+000
  0.0000000e+000
  0.0000000e+000
  0.0000000e+000
  0.0000000e+000
  0.0000000e+000
  0.0000000e+000
  0.0000000e+000
  0.0000000e+000
  0.0000000e+000
  0.0000000e+000
  0.0000000e+000
  0.0000000e+000
  0.0000000e+000
  0.0000000e+000
  0.0000000e+000
  0.0000000e+000
  0.0000000e+000
  0.0000000e+000
  0.0000000e+000
  0.0000000e+000
  0.0000000e+000
  0.0000000e+000
  0.0000000e+000
  0.0000000e+000
  0.0000000e+000
  0.0000000e+000
  0.0000000e+000
  0.0000000e+000
  0.0000000e+000
  0.0000000e+000
  0.0000000e+000
  4.0000000e-002
  0.0000000e+000
  0.0000000e+000
  0.0000000e+000
  2.7200000e+000
  0.0000000e+000
  0.0000000e+000
  0.0000000e+000
  0.0000000e+000
  0.0000000e+000
  4.5300000e+000
  4.1000000e-001
  1.1230000e+001
  9.0000000e-002
  0.0000000e+000
  0.0000000e+000
  0.0000000e+000
  0.0000000e+000
  3.9000000e-001
  6.0000000e-002
  0.0000000e+000
  0.0000000e+000
  0.0000000e+000
  0.0000000e+000
  0.0000000e+000
  0.0000000e+000
  0.0000000e+000
  0.0000000e+000
  0.0000000e+000
  0.0000000e+000
  0.0000000e+000
  0.0000000e+000
  0.0000000e+000
  0.0000000e+000
  0.0000000e+000
  0.0000000e+000
  0.0000000e+000
  0.0000000e+000
  0.0000000e+000
  0.0000000e+000
  0.0000000e+000
  0.0000000e+000
  0.0000000e+000
  0.0000000e+000
  0.0000000e+000
  0.0000000e+000
  0.0000000e+000
  1.7000000e-001
  1.0900000e+000
  0.0000000e+000
  0.0000000e+000
  8.9100000e+000
  4.9000000e-001
  0.0000000e+000
  0.0000000e+000
  0.0000000e+000
  2.6900000e+000
  2.7810000e+001
  3.0000000e-002
  0.0000000e+000
  0.0000000e+000
  0.0000000e+000
  0.0000000e+000
  6.7000000e-001
  1.4000000e-001
  0.0000000e+000
  0.0000000e+000
  0.0000000e+000
  0.0000000e+000
  0.0000000e+000
  0.0000000e+000
  0.0000000e+000
  1.3400000e+000
  1.4000000e-001
  4.0000000e-002
  0.0000000e+000
  0.0000000e+000
  0.0000000e+000
  9.0000000e-002
  3.8800000e+000
  3.0000000e-002
  0.0000000e+000
  0.0000000e+000
  0.0000000e+000
  0.0000000e+000
  0.0000000e+000
  0.0000000e+000
  0.0000000e+000
  0.0000000e+000
  0.0000000e+000
  0.0000000e+000
  0.0000000e+000
  0.0000000e+000
  0.0000000e+000
  0.0000000e+000
  0.0000000e+000
  0.0000000e+000
  1.0200000e+001
  0.0000000e+000
  0.0000000e+000
  0.0000000e+000
  0.0000000e+000
  0.0000000e+000
  0.0000000e+000
  0.0000000e+000
  8.4000000e-001
  2.9900000e+000
  5.0400000e+000
  1.6600000e+000
  1.2000000e-001
  0.0000000e+000
  5.4400000e+000
  0.0000000e+000
  3.0000000e-002
  0.0000000e+000
  0.0000000e+000
  0.0000000e+000
  0.0000000e+000
  0.0000000e+000
  0.0000000e+000
  0.0000000e+000
  0.0000000e+000
  0.0000000e+000
  1.8600000e+000
  1.0200000e+000
  1.2800000e+000
  3.3000000e-001
  9.0000000e-002
  0.0000000e+000
  6.8000000e-001
  1.6000000e-001
  0.0000000e+000
  9.0000000e-002
  0.0000000e+000
  0.0000000e+000
  0.0000000e+000
  2.3160000e+001
  2.7200000e+001
  7.5400000e+000
  6.0000000e-002
  0.0000000e+000
  1.2160000e+001
  1.6350000e+001
  8.3300000e+000
  1.0100000e+001
  0.0000000e+000
  1.7000000e-001
  4.3500000e+000
  3.5600000e+000
  2.2000000e+000
  1.9520000e+001
  6.9000000e-001
  0.0000000e+000
  6.0000000e-002
  1.8600000e+000
  2.9200000e+000
  6.2500000e+000
  0.0000000e+000
  3.5300000e+000
  3.0000000e+000
  0.0000000e+000
  0.0000000e+000
  5.9400000e+000
  2.4600000e+000
  4.9000000e-001
  6.0000000e-002
  0.0000000e+000
  2.6000000e-001
  9.8800000e+000
  8.8000000e-001
  0.0000000e+000
  9.0000000e-002
  8.0000000e-001
  5.7300000e+000
  1.3960000e+001
  2.1480000e+001
  1.6980000e+001
  2.1330000e+001
  8.0000000e-001
  4.9000000e+000
  1.2280000e+001
  2.5000000e+000
  2.0700000e+001
  1.7900000e+000
  8.0000000e-002
  0.0000000e+000
  1.8000000e-001
  0.0000000e+000
  0.0000000e+000
  4.7800000e+000
  6.4000000e-001
  0.0000000e+000
  0.0000000e+000
  0.0000000e+000
  0.0000000e+000
  1.0130000e+001
  1.6000000e+000
  2.5540000e+001
  4.5010000e+001
  2.4280000e+001
  1.9230000e+001
  5.5200000e+000
  2.6870000e+001
  3.0770000e+001
  2.2940000e+001
  3.1000000e+000
  3.8800000e+000
  3.8800000e+000
  9.6800000e+000
  1.4700000e+000
  4.2000000e-001
  1.1100000e+000
  0.0000000e+000
  8.5000000e-001
  1.0500000e+000
  2.3000000e-001
  1.1100000e+000
  6.7000000e-001
  4.3400000e+000
  4.7100000e+000
  6.0000000e-002
  0.0000000e+000
  0.0000000e+000
  0.0000000e+000
  9.0000000e-002
  0.0000000e+000
  6.0000000e-002
  0.0000000e+000
  3.0000000e-002
  0.0000000e+000
  4.4000000e-001
  1.7000000e-001
  1.4000000e-001
  0.0000000e+000
  0.0000000e+000
  0.0000000e+000
  0.0000000e+000
  0.0000000e+000
  2.5700000e+000
  9.0000000e-002
  0.0000000e+000
  0.0000000e+000
  0.0000000e+000
  1.4070000e+001
  9.0000000e-002
  3.0000000e-002
  0.0000000e+000
  9.0000000e-002
  3.4000000e-001
  3.4200000e+000
  7.0000000e-002
  1.3000000e-001
  0.0000000e+000
  0.0000000e+000
  9.8100000e+000
  4.9300000e+000
  2.1530000e+001
  2.7000000e+000
  4.0000000e-002
  0.0000000e+000
  1.7830000e+001
  3.5000000e+000
  0.0000000e+000
  6.0000000e-002
  8.7300000e+000
  3.3800000e+000
  1.5600000e+000
  1.4000000e-001
  8.6900000e+000
  7.8000000e+000
  5.8000000e-001
  3.8000000e-001
  0.0000000e+000
  0.0000000e+000
  5.1500000e+000
  5.1500000e+000
  3.3810000e+001
  1.2290000e+001
  9.0000000e-002
  8.0000000e-002
  9.0000000e-002
  0.0000000e+000
  0.0000000e+000
  4.0000000e-002
  9.0000000e-002
  9.0000000e-002
  0.0000000e+000
  0.0000000e+000
  0.0000000e+000
  0.0000000e+000
  7.9000000e-001
  0.0000000e+000
  0.0000000e+000
  0.0000000e+000
  0.0000000e+000
  0.0000000e+000
  0.0000000e+000
  0.0000000e+000
  0.0000000e+000
  0.0000000e+000
  0.0000000e+000
  0.0000000e+000
  0.0000000e+000
  1.1200000e+000
  0.0000000e+000
  0.0000000e+000
  0.0000000e+000
  0.0000000e+000
  0.0000000e+000
  4.6000000e+000
  0.0000000e+000
  0.0000000e+000
  0.0000000e+000
  2.2000000e-001
  6.0000000e-002
  0.0000000e+000
  0.0000000e+000
  0.0000000e+000
  0.0000000e+000
  0.0000000e+000
  0.0000000e+000
  0.0000000e+000
  0.0000000e+000
  0.0000000e+000
  1.0600000e+000
  0.0000000e+000
  0.0000000e+000
  0.0000000e+000
  0.0000000e+000
  0.0000000e+000
  1.6400000e+000
  6.3400000e+000
  0.0000000e+000
  0.0000000e+000
  0.0000000e+000
  0.0000000e+000
  0.0000000e+000
  7.8000000e-001
  3.8000000e-001
  0.0000000e+000
  0.0000000e+000
  0.0000000e+000
  0.0000000e+000
  0.0000000e+000
  0.0000000e+000
  7.2000000e-001
  1.3000000e-001
  0.0000000e+000
  0.0000000e+000
  0.0000000e+000
  0.0000000e+000
  1.0140000e+001
  6.0800000e+000
  2.1800000e+000
  0.0000000e+000
  9.6000000e-001
  6.0000000e-002
  0.0000000e+000
  4.9500000e+000
  3.4000000e-001
  4.4000000e-001
  0.0000000e+000
  0.0000000e+000
  0.0000000e+000
  0.0000000e+000
  0.0000000e+000
  0.0000000e+000
  0.0000000e+000
  0.0000000e+000
  0.0000000e+000
  0.0000000e+000
  0.0000000e+000
  0.0000000e+000
  0.0000000e+000
  0.0000000e+000
  0.0000000e+000
  0.0000000e+000
  0.0000000e+000
  0.0000000e+000
  4.5000000e-001
  1.3000000e-001
  0.0000000e+000
  0.0000000e+000
  0.0000000e+000
  0.0000000e+000
  0.0000000e+000
  8.8000000e-001
  3.1000000e-001
  4.0000000e-002
  0.0000000e+000
  0.0000000e+000
  0.0000000e+000
  0.0000000e+000
  0.0000000e+000
  0.0000000e+000
  0.0000000e+000
  0.0000000e+000
  0.0000000e+000
  0.0000000e+000
  0.0000000e+000
  0.0000000e+000
  0.0000000e+000
  0.0000000e+000
  0.0000000e+000
  0.0000000e+000
  0.0000000e+000
  0.0000000e+000
  0.0000000e+000
  0.0000000e+000
  0.0000000e+000
  1.4000000e-001
  0.0000000e+000
  6.0000000e-002
  0.0000000e+000
  1.7000000e-001
  0.0000000e+000
  0.0000000e+000
  0.0000000e+000
  0.0000000e+000
  1.3440000e+001
  1.4400000e+000
  0.0000000e+000
  0.0000000e+000
  0.0000000e+000
  2.8100000e+000
  0.0000000e+000
  0.0000000e+000
  0.0000000e+000
  0.0000000e+000
  0.0000000e+000
  0.0000000e+000
  0.0000000e+000
  0.0000000e+000
  0.0000000e+000
  0.0000000e+000
  0.0000000e+000
  0.0000000e+000
  0.0000000e+000
  0.0000000e+000
  0.0000000e+000
  8.4800000e+000
  9.1700000e+000
  2.9000000e-001
  0.0000000e+000
  0.0000000e+000
  0.0000000e+000
  0.0000000e+000
  0.0000000e+000
  0.0000000e+000
  0.0000000e+000
  0.0000000e+000
  0.0000000e+000
  0.0000000e+000
  5.0000000e-001
  6.0000000e-002
  0.0000000e+000
  1.3700000e+000
  0.0000000e+000
  0.0000000e+000
  0.0000000e+000
  0.0000000e+000
  0.0000000e+000
  0.0000000e+000
  0.0000000e+000
  0.0000000e+000
  0.0000000e+000
  0.0000000e+000
  0.0000000e+000
  0.0000000e+000
  0.0000000e+000
  0.0000000e+000
  0.0000000e+000
  2.3330000e+001
  2.7500000e+000
  0.0000000e+000
  1.4240000e+001
  2.0180000e+001
  4.4000000e-001
  9.0000000e-002
  0.0000000e+000
  0.0000000e+000
  3.1000000e+000
  1.5600000e+000
  3.0000000e-001
  0.0000000e+000
  2.2000000e-001
  0.0000000e+000
  0.0000000e+000
  4.2000000e-001
  0.0000000e+000
  0.0000000e+000
  0.0000000e+000
  0.0000000e+000
  0.0000000e+000
  0.0000000e+000
  0.0000000e+000
  0.0000000e+000
  0.0000000e+000
  0.0000000e+000
  0.0000000e+000
  0.0000000e+000
  0.0000000e+000
  0.0000000e+000
  0.0000000e+000
  0.0000000e+000
  0.0000000e+000
  0.0000000e+000
  3.1000000e+000
  2.3350000e+001
  0.0000000e+000
  1.5950000e+001
  3.7300000e+000
  1.0300000e+000
  9.0000000e-002
  1.2500000e+000
  7.2700000e+000
  6.0000000e-002
  0.0000000e+000
  0.0000000e+000
  0.0000000e+000
  4.2100000e+000
  1.3990000e+001
  1.8100000e+000
  0.0000000e+000
  4.0000000e-002
  0.0000000e+000
  1.3000000e-001
  4.5400000e+000
  5.5700000e+000
  7.1700000e+000
  0.0000000e+000
  3.5000000e-001
  0.0000000e+000
  1.3000000e-001
  3.6000000e-001
  1.0330000e+001
  3.0200000e+000
  6.0000000e-002
  9.0000000e-002
  8.0000000e-002
  2.0600000e+000
  2.3300000e+001
  1.5300000e+000
  7.9700000e+000
  2.1100000e+000
  7.4600000e+000
  2.9800000e+000
  1.5420000e+001
  1.4000000e-001
  0.0000000e+000
  3.0000000e-002
  4.0000000e-002
  1.6000000e-001
  7.1800000e+000
  9.0000000e-002
  1.9890000e+001
  2.9600000e+000
  6.9600000e+000
  9.0000000e-002
  6.7900000e+000
  8.0600000e+000
  6.4900000e+000
  6.7300000e+000
  1.2030000e+001
  7.3800000e+000
  3.0000000e-001
  1.0100000e+000
  3.2000000e-001
  1.3330000e+001
  0.0000000e+000
  4.0000000e-002
  2.6400000e+000
  0.0000000e+000
  9.0000000e-002
  0.0000000e+000
  0.0000000e+000
  6.0000000e-002
  1.4450000e+001
  1.2000000e-001
  0.0000000e+000
  4.0000000e-002
  4.0000000e-002
  3.0000000e-002
  2.2000000e-001
  9.2000000e-001
  9.0000000e-002
  4.8400000e+000
  4.1200000e+000
  8.0000000e-002
  5.6000000e-001
  5.4000000e-001
  0.0000000e+000
  0.0000000e+000
  0.0000000e+000
  7.3000000e-001
  9.0000000e-002
  1.9100000e+001
  1.9840000e+001
  3.0560000e+001
  6.2900000e+000
  6.0000000e-002
  0.0000000e+000
  4.0000000e-002
  9.2600000e+000
  6.6600000e+000
  1.4000000e-001
  1.3000000e-001
  0.0000000e+000
  0.0000000e+000
  0.0000000e+000
  4.5000000e-001
  6.2000000e-001
  0.0000000e+000
  1.1600000e+000
  2.2000000e-001
  3.0000000e-002
  1.9000000e+000
  6.7000000e-001
  1.8000000e-001
  9.5900000e+000
  5.6200000e+000
  2.1000000e-001
  0.0000000e+000
  6.0000000e-002
  8.8000000e-001
  1.6000000e+000
  3.1900000e+000
  6.7000000e-001
  0.0000000e+000
  0.0000000e+000
  1.5200000e+000
  7.9200000e+000
  6.9100000e+000
  0.0000000e+000
  9.0000000e-002
  3.3600000e+000
  4.4000000e-001
  2.9000000e-001
  0.0000000e+000
  0.0000000e+000
  0.0000000e+000
  3.7000000e-001
  7.5500000e+000
  9.0000000e-002
  2.8400000e+000
  7.7000000e-001
  7.2000000e-001
  1.8000000e-001
  2.4100000e+000
  5.1000000e+000
  7.0000000e-002
  2.6700000e+000
  1.5700000e+000
  1.0000000e-001
  3.5000000e-001
  1.2300000e+000
  2.6000000e-001
  2.8000000e-001
  0.0000000e+000
  0.0000000e+000
  7.0600000e+000
  7.6000000e+000
  1.0000000e-001
  0.0000000e+000
  0.0000000e+000
  0.0000000e+000
  0.0000000e+000
  0.0000000e+000
  0.0000000e+000
  0.0000000e+000
  0.0000000e+000
  0.0000000e+000
  0.0000000e+000
  0.0000000e+000
  0.0000000e+000
  0.0000000e+000
  0.0000000e+000
  0.0000000e+000
  3.3300000e+000
  2.1300000e+000
  0.0000000e+000
  1.2010000e+001
  2.6000000e-001
  5.7700000e+000
  1.9110000e+001
  4.2000000e-001
  3.0000000e-002
  2.2000000e-001
  7.7700000e+000
  3.7700000e+000
  1.1200000e+000
  2.2000000e-001
  1.6400000e+000
  1.7000000e-001
  0.0000000e+000
  0.0000000e+000
  0.0000000e+000
  0.0000000e+000
  0.0000000e+000
  0.0000000e+000
  0.0000000e+000
  0.0000000e+000
  0.0000000e+000
  0.0000000e+000
  0.0000000e+000
  8.0000000e-001
  4.0000000e-002
  1.2300000e+000
  0.0000000e+000
  0.0000000e+000
  0.0000000e+000
  0.0000000e+000
  5.6000000e-001
  1.2700000e+000
  0.0000000e+000
  0.0000000e+000
  0.0000000e+000
  0.0000000e+000
  0.0000000e+000
  0.0000000e+000
  0.0000000e+000
  0.0000000e+000
  0.0000000e+000
  0.0000000e+000
  0.0000000e+000
  0.0000000e+000
  0.0000000e+000
  0.0000000e+000
  0.0000000e+000
  0.0000000e+000
  0.0000000e+000
  0.0000000e+000
  0.0000000e+000
  2.5000000e-001
  0.0000000e+000
  0.0000000e+000
  0.0000000e+000
  0.0000000e+000
  0.0000000e+000
  0.0000000e+000
  0.0000000e+000
  0.0000000e+000
  0.0000000e+000
  0.0000000e+000
  0.0000000e+000
  1.8000000e-001
  0.0000000e+000
  0.0000000e+000
  0.0000000e+000
  0.0000000e+000
  0.0000000e+000
  0.0000000e+000
  0.0000000e+000
  0.0000000e+000
  0.0000000e+000
  0.0000000e+000
  0.0000000e+000
  0.0000000e+000
  0.0000000e+000
  0.0000000e+000
  0.0000000e+000
  0.0000000e+000
  0.0000000e+000
  0.0000000e+000
  0.0000000e+000
  0.0000000e+000
  0.0000000e+000
  0.0000000e+000
  0.0000000e+000
  0.0000000e+000
  0.0000000e+000
  9.5000000e-001
  0.0000000e+000
  3.7800000e+000
  2.2600000e+001
  8.1000000e-001
  3.0000000e-002
  0.0000000e+000
  0.0000000e+000
  0.0000000e+000
  0.0000000e+000
  3.6000000e-001
  6.6000000e-001
  0.0000000e+000
  0.0000000e+000
  0.0000000e+000
  0.0000000e+000
  0.0000000e+000
  1.3200000e+000
  8.0000000e-002
  0.0000000e+000
  0.0000000e+000
  0.0000000e+000
  4.5000000e-001
  0.0000000e+000
  8.6000000e-001
  6.0000000e-002
  0.0000000e+000
  0.0000000e+000
  0.0000000e+000
  0.0000000e+000
  1.7000000e-001
  0.0000000e+000
  1.1000000e+000
  1.3000000e-001
  9.0000000e-002
  0.0000000e+000
  0.0000000e+000
  4.6000000e-001
  0.0000000e+000
  0.0000000e+000
  0.0000000e+000
  1.8600000e+000
  3.1000000e-001
  0.0000000e+000
  0.0000000e+000
  0.0000000e+000
  0.0000000e+000
  0.0000000e+000
  0.0000000e+000
  0.0000000e+000
  8.0000000e-002
  6.0000000e-002
  0.0000000e+000
  0.0000000e+000
  0.0000000e+000
  0.0000000e+000
  9.1200000e+000
  0.0000000e+000
  2.2000000e-001
  8.0000000e-002
  0.0000000e+000
  0.0000000e+000
  9.0000000e-001
  0.0000000e+000
  0.0000000e+000
  3.1000000e-001
  9.7000000e-001
  4.0000000e-001
  0.0000000e+000
  1.4300000e+001
  7.9800000e+000
  1.5400000e+000
  2.7730000e+001
  2.6160000e+001
  1.0190000e+001
  2.7900000e+000
  1.8000000e-001
  0.0000000e+000
  0.0000000e+000
  0.0000000e+000
  0.0000000e+000
  0.0000000e+000
  0.0000000e+000
  0.0000000e+000
  0.0000000e+000
  0.0000000e+000
  0.0000000e+000
  2.4300000e+000
  1.6030000e+001
  1.6000000e+000
  1.4400000e+000
  4.9900000e+000
  1.0000000e-001
  4.0000000e-002
  1.4600000e+000
  1.3000000e-001
  0.0000000e+000
  0.0000000e+000
  4.1000000e-001
  0.0000000e+000
  0.0000000e+000
  1.6800000e+000
  1.1000000e-001
  0.0000000e+000
  2.8700000e+000
  1.7800000e+000
  1.4000000e-001
  8.0000000e-001
  2.3000000e-001
  0.0000000e+000
  1.7020000e+001
  1.5830000e+001
  8.1500000e+000
  3.8700000e+000
  4.7900000e+000
  1.2670000e+001
  2.8200000e+000
  1.6200000e+000
  1.1800000e+000
  0.0000000e+000
  0.0000000e+000
  0.0000000e+000
  1.6800000e+000
  0.0000000e+000
  0.0000000e+000
  0.0000000e+000
  9.5000000e-001
  1.6500000e+000
  1.1200000e+000
  1.8500000e+000
  0.0000000e+000
  0.0000000e+000
  0.0000000e+000
  9.5000000e-001
  6.9400000e+000
  5.1760000e+001
  4.2000000e-001
  1.5260000e+001
  7.3200000e+000
  1.4000000e+000
  2.7000000e+000
  4.0000000e-002
  9.9500000e+000
  1.8890000e+001
  9.0000000e-001
  3.1000000e-001
  2.6000000e-001
  0.0000000e+000
  1.2900000e+000
  0.0000000e+000
  0.0000000e+000
  0.0000000e+000
  3.0000000e-002
  1.8670000e+001
  1.4650000e+001
  1.7260000e+001
  1.7700000e+000
  1.7000000e+000
  5.2000000e-001
  2.2150000e+001
  0.0000000e+000
  3.0000000e-002
  3.0000000e-002
  0.0000000e+000
  0.0000000e+000
  0.0000000e+000
  0.0000000e+000
  2.4200000e+000
  5.5500000e+000
  1.9050000e+001
  1.5020000e+001
  6.8200000e+000
  2.8300000e+000
  4.0000000e-002
  5.5400000e+000
  8.4300000e+000
  6.0000000e-002
  0.0000000e+000
  0.0000000e+000
  8.6800000e+000
  1.8800000e+000
  1.0000000e-001
  0.0000000e+000
  1.5230000e+001
  6.7900000e+000
  6.5000000e-001
  1.7000000e-001
  0.0000000e+000
  0.0000000e+000
  0.0000000e+000
  0.0000000e+000
  6.6000000e-001
  1.7380000e+001
  0.0000000e+000
  9.0000000e-002
  2.1100000e+001
  2.4700000e+000
  1.6900000e+000
  2.2000000e-001
  0.0000000e+000
  2.2080000e+001
  2.8000000e-001
  1.4200000e+000
  7.8000000e-001
  1.4170000e+001
  9.0000000e-002
  3.0300000e+000
  0.0000000e+000
  6.2200000e+000
  4.0000000e-002
  8.0000000e-002
  2.1500000e+000
  7.6000000e-001
  4.1400000e+000
  9.0000000e-002
  0.0000000e+000
  0.0000000e+000
  0.0000000e+000
  0.0000000e+000
  1.1560000e+001
  1.1800000e+000
  5.1200000e+000
  4.2000000e-001
  0.0000000e+000
  0.0000000e+000
  4.0000000e-002
  1.4000000e-001
  9.9500000e+000
  6.6400000e+000
  1.2240000e+001
  0.0000000e+000
  4.0000000e-002
  0.0000000e+000
  0.0000000e+000
  8.6000000e+000
  1.6400000e+000
  1.9100000e+000
  9.9000000e-001
  0.0000000e+000
  4.6000000e+000
  2.6700000e+000
  6.2000000e-001
  2.8000000e-001
  0.0000000e+000
  0.0000000e+000
  3.2200000e+000
  0.0000000e+000
  0.0000000e+000
  0.0000000e+000
  0.0000000e+000
  1.4000000e-001
  1.7720000e+001
  9.0000000e-002
  0.0000000e+000
  0.0000000e+000
  7.1000000e-001
  4.0800000e+000
  1.7240000e+001
  9.0000000e-002
  0.0000000e+000
  3.7500000e+000
  1.0400000e+000
  6.6000000e-001
  6.0000000e-002
  0.0000000e+000
  0.0000000e+000
  0.0000000e+000
  0.0000000e+000
  0.0000000e+000
  3.4000000e-001
  0.0000000e+000
  0.0000000e+000
  0.0000000e+000
  0.0000000e+000
  0.0000000e+000
  0.0000000e+000
  0.0000000e+000
  0.0000000e+000
  0.0000000e+000
  0.0000000e+000
  0.0000000e+000
  0.0000000e+000
  0.0000000e+000
  1.1500000e+000
  4.9900000e+000
  0.0000000e+000
  0.0000000e+000
  0.0000000e+000
  0.0000000e+000
  4.0000000e-002
  2.0700000e+000
  6.5200000e+000
  7.2200000e+000
  3.5000000e-001
  0.0000000e+000
  3.5000000e-001
  1.2000000e-001
  4.0000000e-002
  0.0000000e+000
  0.0000000e+000
  0.0000000e+000
  0.0000000e+000
  0.0000000e+000
  0.0000000e+000
  0.0000000e+000
  0.0000000e+000
  1.2600000e+000
  0.0000000e+000
  0.0000000e+000
  0.0000000e+000
  0.0000000e+000
  0.0000000e+000
  0.0000000e+000
  0.0000000e+000
  0.0000000e+000
  0.0000000e+000
  0.0000000e+000
  1.2900000e+000
  1.9000000e-001
  0.0000000e+000
  0.0000000e+000
  0.0000000e+000
  0.0000000e+000
  0.0000000e+000
  0.0000000e+000
  0.0000000e+000
  7.6700000e+000
  3.2430000e+001
  0.0000000e+000
  0.0000000e+000
  0.0000000e+000
  0.0000000e+000
  0.0000000e+000
  0.0000000e+000
  0.0000000e+000
  1.4000000e-001
  0.0000000e+000
  0.0000000e+000
  0.0000000e+000
  0.0000000e+000
  0.0000000e+000
  0.0000000e+000
  0.0000000e+000
  0.0000000e+000
  0.0000000e+000
  0.0000000e+000
  0.0000000e+000
  0.0000000e+000
  0.0000000e+000
  0.0000000e+000
  0.0000000e+000
  0.0000000e+000
  0.0000000e+000
  0.0000000e+000
  0.0000000e+000
  0.0000000e+000
  0.0000000e+000
  0.0000000e+000
  0.0000000e+000
  0.0000000e+000
  0.0000000e+000
  0.0000000e+000
  0.0000000e+000
  0.0000000e+000
  0.0000000e+000
  0.0000000e+000
  0.0000000e+000
  0.0000000e+000
  0.0000000e+000
  0.0000000e+000
  0.0000000e+000
  2.6000000e-001
  9.0000000e-002
  0.0000000e+000
  0.0000000e+000
  2.8000000e-001
  2.7380000e+001
  1.8000000e-001
  0.0000000e+000
  0.0000000e+000
  0.0000000e+000
  0.0000000e+000
  0.0000000e+000
  0.0000000e+000
  0.0000000e+000
  0.0000000e+000
  0.0000000e+000
  0.0000000e+000
  0.0000000e+000
  0.0000000e+000
  0.0000000e+000
  0.0000000e+000
  1.1040000e+001
  2.7400000e+000
  4.0000000e-002
  0.0000000e+000
  0.0000000e+000
  0.0000000e+000
  0.0000000e+000
  0.0000000e+000
  0.0000000e+000
  0.0000000e+000
  0.0000000e+000
  0.0000000e+000
  0.0000000e+000
  0.0000000e+000
  0.0000000e+000
  8.0000000e-002
  0.0000000e+000
  0.0000000e+000
  0.0000000e+000
  0.0000000e+000
  0.0000000e+000
  0.0000000e+000
  0.0000000e+000
  0.0000000e+000
  0.0000000e+000
  0.0000000e+000
  0.0000000e+000
  1.6800000e+000
  1.1880000e+001
  2.3940000e+001
  9.0000000e-002
  0.0000000e+000
  0.0000000e+000
  6.4000000e-001
  7.3000000e-001
  0.0000000e+000
  1.4200000e+000
  1.2400000e+000
  0.0000000e+000
  0.0000000e+000
  0.0000000e+000
  0.0000000e+000
  0.0000000e+000
  5.8000000e-001
  1.1800000e+000
  9.0000000e-002
  0.0000000e+000
  0.0000000e+000
  0.0000000e+000
  0.0000000e+000
  0.0000000e+000
  0.0000000e+000
  4.8000000e-001
  1.9200000e+000
  1.4000000e-001
  9.0000000e-002
  6.0000000e-002
  0.0000000e+000
  0.0000000e+000
  4.0000000e-002
  0.0000000e+000
  0.0000000e+000
  0.0000000e+000
  0.0000000e+000
  0.0000000e+000
  0.0000000e+000
  0.0000000e+000
  8.0000000e-002
  0.0000000e+000
  5.1100000e+000
  1.2400000e+000
  3.0000000e-002
  0.0000000e+000
  0.0000000e+000
  0.0000000e+000
  0.0000000e+000
  1.2210000e+001
  8.5000000e-001
  6.0000000e-002
  0.0000000e+000
  3.6220000e+001
  2.8370000e+001
  2.7140000e+001
  2.0740000e+001
  2.7200000e+000
  5.9570000e+001
  6.0000000e-002
  8.0000000e-002
  4.7900000e+000
  7.2600000e+000
  0.0000000e+000
  0.0000000e+000
  0.0000000e+000
  3.2290000e+001
  3.2980000e+001
  6.7600000e+000
  3.2000000e-001
  1.0600000e+000
  6.5100000e+000
  3.0000000e-002
  0.0000000e+000
  1.0600000e+000
  3.8200000e+000
  5.6000000e-001
  1.0000000e-001
  1.3900000e+000
  5.4500000e+000
  1.3200000e+000
  0.0000000e+000
  3.0000000e-002
  3.7100000e+000
  6.5800000e+000
  2.9500000e+000
  6.8300000e+000
  1.2530000e+001
  1.1030000e+001
  6.9700000e+000
  8.3000000e-001
  3.1000000e-001
  2.2000000e-001
  0.0000000e+000
  0.0000000e+000
  0.0000000e+000
  0.0000000e+000
  1.1000000e+000
  0.0000000e+000
  1.1000000e+000
  1.2000000e-001
  2.6500000e+000
  0.0000000e+000
  6.2000000e-001
  2.8000000e+000
  6.0000000e-002
  1.5440000e+001
  6.0500000e+000
  2.0400000e+000
  1.4000000e-001
  0.0000000e+000
  4.5310000e+001
  2.3560000e+001
  3.2600000e+000
  4.5200000e+000
  1.8000000e-001
  1.7470000e+001
  9.0000000e-002
  0.0000000e+000
  2.5140000e+001
  2.9600000e+000
  8.9800000e+000
  2.3100000e+000
  5.7200000e+000
  2.9400000e+000
  3.8600000e+000
  2.1500000e+000
  1.4700000e+001
  7.7400000e+000
  8.0000000e-002
  2.2360000e+001
  1.8200000e+001
  6.4000000e-001
  7.6000000e-001
  1.4300000e+000
  3.1300000e+001
  8.4000000e+000
  1.4700000e+000
  1.5900000e+000
  7.2600000e+000
  3.6700000e+000
  0.0000000e+000
  0.0000000e+000
  0.0000000e+000
  0.0000000e+000
  4.6400000e+000
  9.0000000e-002
  0.0000000e+000
  9.0000000e-001
  2.6000000e-001
  0.0000000e+000
  0.0000000e+000
  0.0000000e+000
  0.0000000e+000
  0.0000000e+000
  0.0000000e+000
  9.6000000e-001
  8.0000000e-002
  0.0000000e+000
  3.3800000e+001
  6.8000000e-001
  4.6000000e-001
  4.0000000e-002
  0.0000000e+000
  0.0000000e+000
  0.0000000e+000
  0.0000000e+000
  2.1900000e+000
  7.0000000e+000
  0.0000000e+000
  1.7800000e+000
  1.4660000e+001
  3.3600000e+000
  1.3400000e+000
  1.7600000e+000
  0.0000000e+000
  5.6000000e-001
  1.6200000e+000
  0.0000000e+000
  0.0000000e+000
  4.7300000e+000
  3.6100000e+000
  1.1920000e+001
  5.0700000e+000
  0.0000000e+000
  0.0000000e+000
  0.0000000e+000
  2.6600000e+000
  0.0000000e+000
  1.5000000e+000
  8.9000000e-001
  0.0000000e+000
  0.0000000e+000
  0.0000000e+000
  1.6000000e-001
  0.0000000e+000
  0.0000000e+000
  0.0000000e+000
  1.1000000e+000
  5.0000000e-001
  0.0000000e+000
  0.0000000e+000
  0.0000000e+000
  2.8000000e-001
  0.0000000e+000
  0.0000000e+000
  0.0000000e+000
  1.2840000e+001
  6.7700000e+000
  2.3000000e-001
  0.0000000e+000
  0.0000000e+000
  0.0000000e+000
  6.9000000e-001
  9.0100000e+000
  9.7000000e-001
  0.0000000e+000
  0.0000000e+000
  6.2000000e-001
  5.5000000e-001
  1.7300000e+000
  0.0000000e+000
  0.0000000e+000
  3.4000000e-001
  2.1630000e+001
  6.0000000e-002
  0.0000000e+000
  0.0000000e+000
  0.0000000e+000
  0.0000000e+000
  0.0000000e+000
  0.0000000e+000
  3.4000000e-001
  0.0000000e+000
  1.0700000e+000
  0.0000000e+000
  0.0000000e+000
  1.9900000e+000
  1.3170000e+001
  2.0300000e+000
  7.4000000e-001
  0.0000000e+000
  0.0000000e+000
  1.6500000e+000
  0.0000000e+000
  0.0000000e+000
  4.7000000e-001
  0.0000000e+000
  0.0000000e+000
  2.2000000e-001
  0.0000000e+000
  0.0000000e+000
  8.1600000e+000
  6.0000000e-002
  0.0000000e+000
  0.0000000e+000
  0.0000000e+000
  0.0000000e+000
  0.0000000e+000
  0.0000000e+000
  0.0000000e+000
  0.0000000e+000
  0.0000000e+000
  0.0000000e+000
  0.0000000e+000
  0.0000000e+000
  0.0000000e+000
  1.7000000e-001
  0.0000000e+000
  0.0000000e+000
  0.0000000e+000
  0.0000000e+000
  8.2000000e-001
  0.0000000e+000
  1.1000000e-001
  2.8200000e+000
  8.4000000e-001
  0.0000000e+000
  3.8300000e+000
  2.4700000e+000
  0.0000000e+000
  0.0000000e+000
  0.0000000e+000
  0.0000000e+000
  0.0000000e+000
  0.0000000e+000
  0.0000000e+000
  0.0000000e+000
  0.0000000e+000
  0.0000000e+000
  1.7000000e-001
  1.7500000e+000
  7.0000000e-002
  3.1700000e+000
  8.8440000e+001
  3.7350000e+001
  2.8700000e+000
  0.0000000e+000
  0.0000000e+000
  0.0000000e+000
  0.0000000e+000
  0.0000000e+000
  0.0000000e+000
  0.0000000e+000
  0.0000000e+000
  0.0000000e+000
  0.0000000e+000
  0.0000000e+000
  0.0000000e+000
  0.0000000e+000
  0.0000000e+000
  0.0000000e+000
  0.0000000e+000
  0.0000000e+000
  0.0000000e+000
  0.0000000e+000
  0.0000000e+000
  4.5000000e-001
  3.1200000e+000
  7.9000000e-001
  0.0000000e+000
  0.0000000e+000
  0.0000000e+000
  0.0000000e+000
  0.0000000e+000
  0.0000000e+000
  0.0000000e+000
  0.0000000e+000
  0.0000000e+000
  1.8500000e+000
  0.0000000e+000
  0.0000000e+000
  0.0000000e+000
  0.0000000e+000
  0.0000000e+000
  8.9000000e-001
  0.0000000e+000
  0.0000000e+000
  0.0000000e+000
  0.0000000e+000
  0.0000000e+000
  0.0000000e+000
  0.0000000e+000
  0.0000000e+000
  0.0000000e+000
  0.0000000e+000
  0.0000000e+000
  0.0000000e+000
  0.0000000e+000
  0.0000000e+000
  0.0000000e+000
  0.0000000e+000
  0.0000000e+000
  1.2170000e+001
  1.9000000e-001
  1.3000000e-001
  0.0000000e+000
  0.0000000e+000
  0.0000000e+000
  0.0000000e+000
  0.0000000e+000
  0.0000000e+000
  0.0000000e+000
  0.0000000e+000
  0.0000000e+000
  0.0000000e+000
  0.0000000e+000
  0.0000000e+000
  0.0000000e+000
  0.0000000e+000
  0.0000000e+000
  0.0000000e+000
  0.0000000e+000
  0.0000000e+000
  0.0000000e+000
  0.0000000e+000
  0.0000000e+000
  0.0000000e+000
  0.0000000e+000
  0.0000000e+000
  0.0000000e+000
  0.0000000e+000
  0.0000000e+000
  0.0000000e+000
  0.0000000e+000
  6.0000000e-002
  0.0000000e+000
  0.0000000e+000
  0.0000000e+000
  0.0000000e+000
  0.0000000e+000
  0.0000000e+000
  0.0000000e+000
  0.0000000e+000
  1.1090000e+001
  9.6000000e-001
  4.6000000e-001
  0.0000000e+000
  0.0000000e+000
  0.0000000e+000
  0.0000000e+000
  4.2200000e+000
  4.8000000e-001
  3.0000000e-002
  9.0000000e-002
  6.6000000e-001
  6.0000000e-002
  0.0000000e+000
  2.5000000e-001
  1.3900000e+000
  3.7000000e-001
  1.3000000e-001
  6.0000000e-002
  0.0000000e+000
  0.0000000e+000
  0.0000000e+000
  6.0000000e-002
  2.4800000e+000
  1.5400000e+000
  7.6000000e-001
  8.5400000e+000
  2.0600000e+000
  2.9200000e+000
  1.8000000e-001
  6.2000000e-001
  0.0000000e+000
  0.0000000e+000
  1.1580000e+001
  6.0000000e-002
  0.0000000e+000
  9.0000000e-002
  0.0000000e+000
  2.0240000e+001
  9.7500000e+000
  3.6800000e+000
  9.0000000e+000
  1.0000000e-001
  1.1670000e+001
  8.4800000e+000
  4.4900000e+000
  2.5180000e+001
  1.9200000e+000
  1.5000000e+001
  3.7300000e+000
  7.0000000e-002
  0.0000000e+000
  0.0000000e+000
  0.0000000e+000
  6.5500000e+000
  6.6100000e+000
  9.0000000e-002
  0.0000000e+000
  5.3000000e-001
  3.4000000e-001
  0.0000000e+000
  3.8200000e+000
  2.1000000e+000
  4.0000000e-002
  8.4600000e+000
  1.4800000e+000
  1.1620000e+001
  0.0000000e+000
  6.2000000e-001
  6.0000000e-002
  2.2000000e-001
  9.0000000e-002
  0.0000000e+000
  0.0000000e+000
  0.0000000e+000
  1.5500000e+001
  2.3380000e+001
  1.2700000e+000
  1.2000000e-001
  1.5600000e+000
  1.9600000e+001
  2.2400000e+000
  1.1590000e+001
  2.4800000e+000
  1.5800000e+000
  2.1700000e+000
  2.2000000e-001
  7.8600000e+000
  4.9000000e-001
  0.0000000e+000
  0.0000000e+000
  0.0000000e+000
  0.0000000e+000
  2.0330000e+001
  9.0000000e-002
  0.0000000e+000
  0.0000000e+000
  0.0000000e+000
  9.1100000e+000
  1.5420000e+001
  5.8000000e-001
  0.0000000e+000
  0.0000000e+000
  0.0000000e+000
  1.8000000e-001
  2.9000000e-001
  4.0000000e-002
  0.0000000e+000
  0.0000000e+000
  1.0700000e+000
  1.4130000e+001
  6.6000000e-001
  0.0000000e+000
  0.0000000e+000
  2.0230000e+001
  1.8300000e+000
  3.0000000e-002
  0.0000000e+000
  0.0000000e+000
  3.5000000e-001
  1.7000000e-001
  7.6000000e-001
  1.0900000e+000
  6.2000000e-001
  6.1000000e-001
  7.0000000e-002
  2.8000000e-001
  4.0000000e-002
  0.0000000e+000
  0.0000000e+000
  0.0000000e+000
  0.0000000e+000
  0.0000000e+000
  0.0000000e+000
  0.0000000e+000
  0.0000000e+000
  0.0000000e+000
  3.9540000e+001
  3.0340000e+001
  1.4600000e+000
  0.0000000e+000
  0.0000000e+000
  1.9200000e+000
  8.0000000e+000
  4.6700000e+000
  9.3000000e-001
  1.2140000e+001
  4.8600000e+000
  0.0000000e+000
  2.3000000e+000
  0.0000000e+000
  0.0000000e+000
  0.0000000e+000
  0.0000000e+000
  3.9300000e+000
  1.2600000e+000
  1.8370000e+001
  2.0200000e+001
  1.8500000e+000
  4.0000000e-002
  6.4000000e-001
  6.0000000e-002
  0.0000000e+000
  0.0000000e+000
  0.0000000e+000
  0.0000000e+000
  0.0000000e+000
  0.0000000e+000
  0.0000000e+000
  0.0000000e+000
  0.0000000e+000
  0.0000000e+000
  0.0000000e+000
  0.0000000e+000
  0.0000000e+000
  0.0000000e+000
  2.5000000e-001
  8.8500000e+000
  9.0000000e-002
  0.0000000e+000
  6.0000000e-002
  7.0000000e-002
  0.0000000e+000
  0.0000000e+000
  0.0000000e+000
  0.0000000e+000
  0.0000000e+000
  1.4600000e+000
  6.6000000e-001
  2.6000000e-001
  0.0000000e+000
  0.0000000e+000
  0.0000000e+000
  0.0000000e+000
  0.0000000e+000
  0.0000000e+000
  0.0000000e+000
  0.0000000e+000
  0.0000000e+000
  0.0000000e+000
  0.0000000e+000
  0.0000000e+000
  0.0000000e+000
  0.0000000e+000
  0.0000000e+000
  0.0000000e+000
  0.0000000e+000
  0.0000000e+000
  3.0000000e-002
  2.9100000e+000
  1.4000000e+000
  0.0000000e+000
  0.0000000e+000
  0.0000000e+000
  0.0000000e+000
  0.0000000e+000
  0.0000000e+000
  0.0000000e+000
  0.0000000e+000
  0.0000000e+000
  0.0000000e+000
  0.0000000e+000
  9.0000000e-002
  2.0800000e+000
  4.9900000e+000
  2.7900000e+000
  0.0000000e+000
  4.0000000e-002
  3.0000000e-002
  0.0000000e+000
  0.0000000e+000
  0.0000000e+000
  4.0000000e-002
  0.0000000e+000
  0.0000000e+000
  0.0000000e+000
  0.0000000e+000
  4.0000000e-002
  0.0000000e+000
  0.0000000e+000
  0.0000000e+000
  0.0000000e+000
  0.0000000e+000
  0.0000000e+000
  0.0000000e+000
  0.0000000e+000
  0.0000000e+000
  0.0000000e+000
  0.0000000e+000
  1.7000000e-001
  0.0000000e+000
  0.0000000e+000
  0.0000000e+000
  0.0000000e+000
  0.0000000e+000
  0.0000000e+000
  0.0000000e+000
  0.0000000e+000
  0.0000000e+000
  0.0000000e+000
  0.0000000e+000
  0.0000000e+000
  0.0000000e+000
  0.0000000e+000
  0.0000000e+000
  3.0000000e-002
  0.0000000e+000
  0.0000000e+000
  0.0000000e+000
  0.0000000e+000
  0.0000000e+000
  0.0000000e+000
  0.0000000e+000
  0.0000000e+000
  0.0000000e+000
  5.6000000e-001
  2.6000000e-001
  0.0000000e+000
  0.0000000e+000
  0.0000000e+000
  0.0000000e+000
  1.0950000e+001
  4.0200000e+000
  9.9000000e-001
  0.0000000e+000
  0.0000000e+000
  0.0000000e+000
  0.0000000e+000
  0.0000000e+000
  2.8700000e+000
  7.6000000e+000
  9.9900000e+000
  6.3000000e-001
  0.0000000e+000
  0.0000000e+000
  0.0000000e+000
  0.0000000e+000
  0.0000000e+000
  0.0000000e+000
  0.0000000e+000
  4.1300000e+000
  0.0000000e+000
  2.9000000e-001
  0.0000000e+000
  0.0000000e+000
  3.0000000e-002
  1.3000000e-001
  4.0000000e-002
  0.0000000e+000
  0.0000000e+000
  0.0000000e+000
  0.0000000e+000
  0.0000000e+000
  0.0000000e+000
  0.0000000e+000
  0.0000000e+000
  0.0000000e+000
  0.0000000e+000
  0.0000000e+000
  0.0000000e+000
  8.0000000e-002
  0.0000000e+000
  0.0000000e+000
  0.0000000e+000
  0.0000000e+000
  0.0000000e+000
  0.0000000e+000
  0.0000000e+000
  0.0000000e+000
  0.0000000e+000
  0.0000000e+000
  0.0000000e+000
  1.3000000e-001
  1.9000000e+000
  0.0000000e+000
  3.6080000e+001
  2.2000000e-001
  1.3000000e-001
  1.9000000e-001
  1.0200000e+000
  0.0000000e+000
  6.5000000e-001
  1.4400000e+000
  6.5000000e-001
  1.3600000e+000
  4.8000000e-001
  0.0000000e+000
  0.0000000e+000
  0.0000000e+000
  0.0000000e+000
  0.0000000e+000
  0.0000000e+000
  0.0000000e+000
  0.0000000e+000
  1.7000000e-001
  9.0000000e-002
  9.0000000e-002
  0.0000000e+000
  0.0000000e+000
  0.0000000e+000
  0.0000000e+000
  0.0000000e+000
  1.3000000e-001
  0.0000000e+000
  9.0000000e-002
  0.0000000e+000
  4.3200000e+000
  2.6600000e+001
  1.4000000e-001
  1.0600000e+000
  6.7800000e+000
  1.9200000e+000
  0.0000000e+000
  1.0600000e+000
  0.0000000e+000
  0.0000000e+000
  2.4200000e+000
  1.1000000e+000
  0.0000000e+000
  6.7000000e-001
  0.0000000e+000
  0.0000000e+000
  9.0000000e-002
  0.0000000e+000
  0.0000000e+000
  0.0000000e+000
  0.0000000e+000
  0.0000000e+000
  0.0000000e+000
  0.0000000e+000
  0.0000000e+000
  5.3800000e+000
  1.3000000e-001
  0.0000000e+000
  0.0000000e+000
  0.0000000e+000
  2.0900000e+000
  3.6300000e+001
  1.2230000e+001
  5.7800000e+000
  1.5400000e+000
  2.5500000e+000
  9.0000000e-002
  0.0000000e+000
  4.5000000e-001
  0.0000000e+000
  9.0000000e-002
  0.0000000e+000
  0.0000000e+000
  0.0000000e+000
  0.0000000e+000
  2.9400000e+000
  2.8750000e+001
  5.8680000e+001
  1.3820000e+001
  2.3300000e+000
  1.2200000e+000
  3.9400000e+000
  6.0000000e-002
  7.3700000e+000
  1.3200000e+001
  3.1600000e+000
  6.9200000e+000
  6.3440000e+001
  3.5910000e+001
  8.7700000e+000
  1.7500000e+000
  1.7000000e-001
  0.0000000e+000
  0.0000000e+000
  6.0000000e-002
  0.0000000e+000
  0.0000000e+000
  2.5240000e+001
  6.4400000e+000
  2.5800000e+000
  3.9200000e+000
  0.0000000e+000
  0.0000000e+000
  0.0000000e+000
  0.0000000e+000
  0.0000000e+000
  0.0000000e+000
  4.8000000e-001
  2.2000000e-001
  3.4000000e-001
  3.2000000e-001
  0.0000000e+000
  4.0000000e-002
  2.7560000e+001
  4.8320000e+001
  1.6340000e+001
  1.7000000e-001
  6.0000000e-002
  0.0000000e+000
  1.1240000e+001
  2.6300000e+000
  2.8000000e-001
  2.3400000e+000
  7.9000000e-001
  1.3600000e+000
  4.3830000e+001
  2.0100000e+000
  1.1000000e-001
  6.4000000e-001
  0.0000000e+000
  0.0000000e+000
  0.0000000e+000
  1.6510000e+001
  1.0530000e+001
  6.5300000e+000
  9.0000000e-002
  6.0000000e-002
  0.0000000e+000
  8.6700000e+000
  2.6000000e-001
  6.4000000e+000
  4.9000000e-001
  7.6000000e-001
  3.6330000e+001
  1.5900000e+001
  1.8190000e+001
  7.2000000e-001
  2.4400000e+000
  3.4600000e+000
  2.1920000e+001
  5.5200000e+000
  8.4000000e-001
  1.3400000e+001
  5.9900000e+000
  6.8700000e+000
  2.9980000e+001
  2.5900000e+000
  1.0260000e+001
  1.6250000e+001
  9.0000000e-002
  0.0000000e+000
  1.1000000e-001
  1.6000000e-001
  1.3530000e+001
  1.4450000e+001
  7.6000000e-001
  1.4860000e+001
  2.4300000e+000
  3.4000000e-001
  4.0000000e-002
  7.0300000e+000
  1.7000000e-001
  1.7000000e-001
  3.6000000e-001
  9.0000000e-002
  1.6700000e+000
  0.0000000e+000
  0.0000000e+000
  4.0000000e-002
  9.0000000e-002
  2.6000000e-001
  2.8000000e-001
  0.0000000e+000
  0.0000000e+000
  0.0000000e+000
  0.0000000e+000
  1.1200000e+000
  0.0000000e+000
  3.4000000e-001
  1.1000000e-001
  0.0000000e+000
  0.0000000e+000
  0.0000000e+000
  2.0700000e+000
  3.0800000e+000
  4.0000000e-002
  0.0000000e+000
  0.0000000e+000
  1.2800000e+000
  0.0000000e+000
  0.0000000e+000
  0.0000000e+000
  0.0000000e+000
  0.0000000e+000
  0.0000000e+000
  0.0000000e+000
  0.0000000e+000
  3.0000000e-002
  0.0000000e+000
  0.0000000e+000
  0.0000000e+000
  0.0000000e+000
  0.0000000e+000
  0.0000000e+000
  0.0000000e+000
  0.0000000e+000
  0.0000000e+000
  6.6000000e-001
  2.5500000e+000
  1.1420000e+001
  2.4000000e-001
  0.0000000e+000
  0.0000000e+000
  0.0000000e+000
  1.8200000e+000
  4.3500000e+000
  2.7400000e+000
  0.0000000e+000
  1.5400000e+000
  1.8490000e+001
  9.4000000e-001
  2.2300000e+000
  0.0000000e+000
  6.2000000e-001
  0.0000000e+000
  2.3200000e+000
  0.0000000e+000
  0.0000000e+000
  0.0000000e+000
  0.0000000e+000
  0.0000000e+000
  0.0000000e+000
  0.0000000e+000
  0.0000000e+000
  0.0000000e+000
  0.0000000e+000
  0.0000000e+000
  0.0000000e+000
  0.0000000e+000
  0.0000000e+000
  0.0000000e+000
  0.0000000e+000
  0.0000000e+000
  0.0000000e+000
  0.0000000e+000
  0.0000000e+000
  0.0000000e+000
  0.0000000e+000
  0.0000000e+000
  0.0000000e+000
  0.0000000e+000
  0.0000000e+000
  0.0000000e+000
  0.0000000e+000
  0.0000000e+000
  3.9000000e-001
  1.1000000e-001
  0.0000000e+000
  0.0000000e+000
  6.8000000e-001
  9.1900000e+000
  3.0800000e+000
  6.6000000e-001
  2.3780000e+001
  6.0000000e-002
  0.0000000e+000
  0.0000000e+000
  0.0000000e+000
  2.2000000e-001
  0.0000000e+000
  0.0000000e+000
  0.0000000e+000
  0.0000000e+000
  0.0000000e+000
  0.0000000e+000
  0.0000000e+000
  0.0000000e+000
  0.0000000e+000
  4.0000000e-002
  0.0000000e+000
  0.0000000e+000
  0.0000000e+000
  0.0000000e+000
  0.0000000e+000
  0.0000000e+000
  0.0000000e+000
  0.0000000e+000
  0.0000000e+000
  0.0000000e+000
  0.0000000e+000
  0.0000000e+000
  0.0000000e+000
  0.0000000e+000
  0.0000000e+000
  0.0000000e+000
  0.0000000e+000
  0.0000000e+000
  0.0000000e+000
  0.0000000e+000
  0.0000000e+000
  0.0000000e+000
  0.0000000e+000
  0.0000000e+000
  0.0000000e+000
  0.0000000e+000
  0.0000000e+000
  0.0000000e+000
  0.0000000e+000
  0.0000000e+000
  0.0000000e+000
  0.0000000e+000
  0.0000000e+000
  2.2000000e-001
  0.0000000e+000
  0.0000000e+000
  0.0000000e+000
  3.5400000e+000
  0.0000000e+000
  6.0000000e-002
  0.0000000e+000
  6.7000000e-001
  2.2000000e-001
  0.0000000e+000
  0.0000000e+000
  0.0000000e+000
  0.0000000e+000
  0.0000000e+000
  1.2760000e+001
  2.3500000e+000
  0.0000000e+000
  0.0000000e+000
  3.4000000e+000
  6.8000000e-001
  0.0000000e+000
  0.0000000e+000
  0.0000000e+000
  0.0000000e+000
  0.0000000e+000
  0.0000000e+000
  2.5000000e+000
  1.4000000e-001
  0.0000000e+000
  0.0000000e+000
  3.5800000e+000
  4.0000000e-002
  0.0000000e+000
  0.0000000e+000
  0.0000000e+000
  0.0000000e+000
  0.0000000e+000
  0.0000000e+000
  0.0000000e+000
  0.0000000e+000
  0.0000000e+000
  0.0000000e+000
  0.0000000e+000
  0.0000000e+000
  0.0000000e+000
  0.0000000e+000
  0.0000000e+000
  0.0000000e+000
  0.0000000e+000
  0.0000000e+000
  0.0000000e+000
  0.0000000e+000
  8.8200000e+000
  1.5700000e+000
  2.1700000e+000
  0.0000000e+000
  0.0000000e+000
  1.7000000e-001
  1.4200000e+000
  2.7000000e+000
  0.0000000e+000
  0.0000000e+000
  6.3400000e+000
  1.1200000e+000
  6.0000000e-002
  0.0000000e+000
  0.0000000e+000
  2.7200000e+000
  0.0000000e+000
  0.0000000e+000
  6.1000000e+000
  2.3670000e+001
  3.2000000e+000
  1.2400000e+000
  6.0000000e-002
  0.0000000e+000
  0.0000000e+000
  2.9800000e+000
  1.7980000e+001
  2.2920000e+001
  6.9500000e+000
  4.5800000e+000
  3.4800000e+000
  2.1400000e+000
  0.0000000e+000
  1.7000000e-001
  2.9000000e-001
  5.9300000e+000
  1.6000000e+001
  6.1400000e+000
  3.3100000e+000
  1.4600000e+001
  1.5740000e+001
  1.7000000e-001
  6.0000000e-002
  9.0000000e-002
  1.1220000e+001
  7.1200000e+000
  2.6270000e+001
  1.6540000e+001
  9.0000000e-002
  1.1700000e+000
  2.3500000e+000
  2.8600000e+000
  0.0000000e+000
  0.0000000e+000
  0.0000000e+000
  1.6660000e+001
  9.0400000e+000
  0.0000000e+000
  6.0000000e-002
  0.0000000e+000
  0.0000000e+000
  2.8000000e-001
  7.2300000e+000
  3.0440000e+001
  0.0000000e+000
  1.2400000e+000
  6.0000000e-002
  0.0000000e+000
  0.0000000e+000
  4.0000000e-002
  5.1500000e+000
  2.2560000e+001
  1.1360000e+001
  6.0000000e-002
  6.0000000e-002
  2.7100000e+000
  6.0000000e-002
  0.0000000e+000
  0.0000000e+000
  9.0000000e-002
  6.2000000e-001
  9.6900000e+000
  0.0000000e+000
  2.0000000e-001
  9.3600000e+000
  5.8200000e+000
  1.2450000e+001
  3.0700000e+000
  4.3200000e+000
  6.0000000e-002
  0.0000000e+000
  0.0000000e+000
  9.0000000e-002
  6.0000000e-002
  4.0000000e-002
  9.9000000e-001
  9.5900000e+000
  1.1000000e-001
  0.0000000e+000
  0.0000000e+000
  2.4200000e+000
  0.0000000e+000
  0.0000000e+000
  9.0000000e-002
  0.0000000e+000
  3.4700000e+000
  9.8200000e+000
  6.3000000e-001
  0.0000000e+000
  4.0000000e-002
  1.1200000e+000
  4.9000000e-001
  0.0000000e+000
  1.6970000e+001
  7.3300000e+000
  1.1100000e+000
  5.0600000e+000
  5.8500000e+000
  1.3350000e+001
  1.5800000e+001
  1.6500000e+000
  0.0000000e+000
  6.0000000e-002
  0.0000000e+000
  2.0800000e+000
  8.8000000e-001
  1.2280000e+001
  7.5500000e+000
  3.8200000e+000
  1.4000000e-001
  1.4770000e+001
  4.9700000e+000
  9.0200000e+000
  1.8300000e+000
  3.1900000e+000
  6.0000000e-002
  1.2000000e-001
  2.4000000e-001
  1.2000000e-001
  0.0000000e+000
  0.0000000e+000
  6.5600000e+000
  9.0000000e-002
  9.0000000e-002
  3.2000000e+000
  4.1200000e+000
  3.3100000e+000
  1.5470000e+001
  2.8000000e-001
  0.0000000e+000
  6.0000000e-002
  1.5810000e+001
  4.8000000e-001
  0.0000000e+000
  0.0000000e+000
  4.2000000e-001
  4.8520000e+001
  7.1600000e+000
  3.3000000e-001
  0.0000000e+000
  0.0000000e+000
  0.0000000e+000
  0.0000000e+000
  0.0000000e+000
  0.0000000e+000
  0.0000000e+000
  0.0000000e+000
  0.0000000e+000
  0.0000000e+000
  6.0000000e-002
  0.0000000e+000
  0.0000000e+000
  2.2300000e+000
  3.8100000e+000
  4.2800000e+000
  9.0000000e-002
  0.0000000e+000
  5.0000000e-001
  0.0000000e+000
  5.6800000e+000
  1.1210000e+001
  1.6000000e-001
  3.9000000e-001
  0.0000000e+000
  9.0000000e-001
  6.0000000e-002
  0.0000000e+000
  0.0000000e+000
  0.0000000e+000
  0.0000000e+000
  0.0000000e+000
  0.0000000e+000
  0.0000000e+000
  0.0000000e+000
  0.0000000e+000
  4.0000000e-002
  6.3000000e-001
  0.0000000e+000
  0.0000000e+000
  0.0000000e+000
  0.0000000e+000
  0.0000000e+000
  1.0830000e+001
  4.7000000e+000
  1.4000000e-001
  1.7000000e-001
  1.8000000e-001
  0.0000000e+000
  2.3300000e+000
  8.8000000e+000
  2.2000000e+000
  2.5460000e+001
  1.2570000e+001
  0.0000000e+000
  0.0000000e+000
  0.0000000e+000
  0.0000000e+000
  0.0000000e+000
  0.0000000e+000
  1.5480000e+001
  1.3440000e+001
  4.7000000e+000
  1.4000000e-001
  0.0000000e+000
  0.0000000e+000
  0.0000000e+000
  0.0000000e+000
  0.0000000e+000
  0.0000000e+000
  9.0000000e-002
  6.0000000e-002
  0.0000000e+000
  0.0000000e+000
  0.0000000e+000
  0.0000000e+000
  0.0000000e+000
  0.0000000e+000
  0.0000000e+000
  0.0000000e+000
  0.0000000e+000
  0.0000000e+000
  0.0000000e+000
  5.4000000e-001
  0.0000000e+000
  0.0000000e+000
  0.0000000e+000
  0.0000000e+000
  9.5000000e-001
  0.0000000e+000
  0.0000000e+000
  0.0000000e+000
  0.0000000e+000
  0.0000000e+000
  0.0000000e+000
  0.0000000e+000
  0.0000000e+000
  0.0000000e+000
  0.0000000e+000
  0.0000000e+000
  0.0000000e+000
  0.0000000e+000
  1.8910000e+001
  4.7000000e-001
  0.0000000e+000
  0.0000000e+000
  0.0000000e+000
  2.8000000e-001
  0.0000000e+000
  0.0000000e+000
  0.0000000e+000
  0.0000000e+000
  0.0000000e+000
  0.0000000e+000
  0.0000000e+000
  0.0000000e+000
  0.0000000e+000
  0.0000000e+000
  0.0000000e+000
  0.0000000e+000
  0.0000000e+000
  2.6000000e-001
  0.0000000e+000
  0.0000000e+000
  0.0000000e+000
  0.0000000e+000
  0.0000000e+000
  0.0000000e+000
  0.0000000e+000
  0.0000000e+000
  0.0000000e+000
  0.0000000e+000
  0.0000000e+000
  0.0000000e+000
  0.0000000e+000
  0.0000000e+000
  0.0000000e+000
  2.3200000e+000
  4.0000000e-002
  0.0000000e+000
  0.0000000e+000
  0.0000000e+000
  0.0000000e+000
  0.0000000e+000
  0.0000000e+000
  1.8000000e-001
  6.5600000e+000
  4.0000000e-002
  0.0000000e+000
  0.0000000e+000
  0.0000000e+000
  0.0000000e+000
  0.0000000e+000
  0.0000000e+000
  0.0000000e+000
  4.8000000e-001
  9.0000000e-002
  0.0000000e+000
  0.0000000e+000
  0.0000000e+000
  0.0000000e+000
  0.0000000e+000
  0.0000000e+000
  0.0000000e+000
  0.0000000e+000
  0.0000000e+000
  0.0000000e+000
  0.0000000e+000
  0.0000000e+000
  0.0000000e+000
  0.0000000e+000
  0.0000000e+000
  3.4800000e+000
  2.9900000e+000
  6.0000000e-002
  0.0000000e+000
  0.0000000e+000
  0.0000000e+000
  0.0000000e+000
  0.0000000e+000
  0.0000000e+000
  3.7500000e+000
  0.0000000e+000
  4.0000000e-002
  0.0000000e+000
  0.0000000e+000
  0.0000000e+000
  0.0000000e+000
  0.0000000e+000
  0.0000000e+000
  0.0000000e+000
  0.0000000e+000
  0.0000000e+000
  0.0000000e+000
  0.0000000e+000
  0.0000000e+000
  0.0000000e+000
  0.0000000e+000
  0.0000000e+000
  0.0000000e+000
  0.0000000e+000
  0.0000000e+000
  0.0000000e+000
  2.6000000e-001
  3.7470000e+001
  1.7180000e+001
  4.1400000e+000
  1.1600000e+000
  0.0000000e+000
  0.0000000e+000
  0.0000000e+000
  0.0000000e+000
  0.0000000e+000
  0.0000000e+000
  0.0000000e+000
  0.0000000e+000
  0.0000000e+000
  0.0000000e+000
  0.0000000e+000
  0.0000000e+000
  0.0000000e+000
  1.1000000e-001
  2.2000000e-001
  2.1000000e+000
  1.1800000e+000
  3.9000000e-001
  0.0000000e+000
  0.0000000e+000
  5.4600000e+000
  6.8100000e+000
  0.0000000e+000
  0.0000000e+000
  0.0000000e+000
  0.0000000e+000
  0.0000000e+000
  0.0000000e+000
  0.0000000e+000
  1.3100000e+000
  6.4000000e-001
  6.0000000e-002
  0.0000000e+000
  0.0000000e+000
  0.0000000e+000
  0.0000000e+000
  0.0000000e+000
  0.0000000e+000
  0.0000000e+000
  0.0000000e+000
  0.0000000e+000
  0.0000000e+000
  0.0000000e+000
  2.3940000e+001
  6.3700000e+000
  3.6400000e+000
  1.6900000e+000
  6.0000000e-002
  0.0000000e+000
  0.0000000e+000
  0.0000000e+000
  0.0000000e+000
  0.0000000e+000
  1.0580000e+001
  2.9600000e+000
  1.1970000e+001
  8.0200000e+000
  2.8200000e+000
  1.3000000e+000
  3.1900000e+000
  1.0000000e-001
  1.5100000e+000
  6.0000000e-002
  1.8100000e+000
  1.5700000e+000
  1.1020000e+001
  0.0000000e+000
  1.0000000e-001
  0.0000000e+000
  0.0000000e+000
  4.9100000e+000
  3.8000000e-001
  2.9200000e+000
  2.0370000e+001
  6.0000000e-001
  9.5000000e-001
  0.0000000e+000
  1.5180000e+001
  1.1360000e+001
  5.4160000e+001
  8.3000000e-001
  1.5500000e+000
  1.7100000e+000
  1.7000000e-001
  0.0000000e+000
  0.0000000e+000
  0.0000000e+000
  2.6000000e-001
  1.6800000e+000
  6.0700000e+000
  6.0000000e-002
  1.9620000e+001
  2.9390000e+001
  4.0000000e-002
  0.0000000e+000
  0.0000000e+000
  8.4100000e+000
  5.9000000e+000
  9.9600000e+000
  9.0000000e-002
  0.0000000e+000
  0.0000000e+000
  1.3200000e+000
  9.0000000e-002
  2.9400000e+000
  2.4840000e+001
  5.2100000e+000
  5.0000000e-002
  1.4000000e-001
  0.0000000e+000
  9.4000000e+000
  5.6900000e+000
  1.3060000e+001
  6.1500000e+000
  1.1800000e+001
  9.7000000e-001
  0.0000000e+000
  0.0000000e+000
  9.3800000e+000
  1.3000000e-001
  2.8000000e-001
  4.5800000e+000
  6.0000000e-002
  0.0000000e+000
  0.0000000e+000
  0.0000000e+000
  0.0000000e+000
  7.8100000e+000
  3.0660000e+001
  1.3220000e+001
  6.0000000e-002
  0.0000000e+000
  5.2000000e-001
  1.5180000e+001
  1.5030000e+001
  3.1200000e+000
  1.7310000e+001
  0.0000000e+000
  6.0000000e-002
  2.4000000e+000
  4.1400000e+000
  0.0000000e+000
  0.0000000e+000
  0.0000000e+000
  0.0000000e+000
  0.0000000e+000
  0.0000000e+000
  0.0000000e+000
  1.4600000e+000
  2.5300000e+000
  1.0000000e-001
  1.4000000e-001
  0.0000000e+000
  0.0000000e+000
  2.7100000e+000
  1.4000000e-001
  0.0000000e+000
  6.0300000e+000
  1.0600000e+001
  1.0000000e-001
  0.0000000e+000
  2.4200000e+000
  1.5540000e+001
  1.6000000e+000
  6.0000000e-002
  0.0000000e+000
  0.0000000e+000
  6.7000000e-001
  0.0000000e+000
  2.7000000e+000
  1.6100000e+000
  0.0000000e+000
  0.0000000e+000
  3.0000000e-001
  4.0000000e-001
  1.8800000e+000
  1.0000000e-001
  0.0000000e+000
  0.0000000e+000
  0.0000000e+000
  0.0000000e+000
  0.0000000e+000
  8.3000000e-001
  1.0840000e+001
  2.2000000e-001
  9.0000000e-002
  0.0000000e+000
  0.0000000e+000
  0.0000000e+000
  0.0000000e+000
  0.0000000e+000
  1.5500000e+000
  9.0000000e-002
  0.0000000e+000
  0.0000000e+000
  0.0000000e+000
  4.8000000e-001
  1.3000000e+000
  1.1330000e+001
  9.0000000e-002
  3.0000000e-002
  0.0000000e+000
  0.0000000e+000
  0.0000000e+000
  1.1090000e+001
  4.0000000e-002
  0.0000000e+000
  0.0000000e+000
  0.0000000e+000
  1.0530000e+001
  8.0500000e+000
  9.0000000e-002
  2.8000000e-001
  0.0000000e+000
  0.0000000e+000
  1.3000000e-001
  0.0000000e+000
  0.0000000e+000
  0.0000000e+000
  0.0000000e+000
  0.0000000e+000
  1.2600000e+000
  0.0000000e+000
  2.5000000e+000
  6.8000000e-001
  0.0000000e+000
  0.0000000e+000
  0.0000000e+000
  0.0000000e+000
  0.0000000e+000
  0.0000000e+000
  4.0000000e-002
  4.0000000e-002
  0.0000000e+000
  0.0000000e+000
  0.0000000e+000
  9.0000000e-002
  0.0000000e+000
  0.0000000e+000
  0.0000000e+000
  0.0000000e+000
  0.0000000e+000
  0.0000000e+000
  0.0000000e+000
  0.0000000e+000
  2.2900000e+000
  4.7000000e-001
  0.0000000e+000
  0.0000000e+000
  1.9300000e+000
  1.6000000e-001
  5.5000000e-001
  1.6000000e-001
  0.0000000e+000
  0.0000000e+000
  0.0000000e+000
  5.5000000e-001
  0.0000000e+000
  0.0000000e+000
  0.0000000e+000
  0.0000000e+000
  0.0000000e+000
  0.0000000e+000
  0.0000000e+000
  0.0000000e+000
  0.0000000e+000
  0.0000000e+000
  1.1000000e-001
  6.0000000e-002
  6.0000000e-002
  0.0000000e+000
  1.3300000e+001
  8.4000000e-001
  0.0000000e+000
  0.0000000e+000
  0.0000000e+000
  0.0000000e+000
  0.0000000e+000
  0.0000000e+000
  0.0000000e+000
  0.0000000e+000
  0.0000000e+000
  0.0000000e+000
  0.0000000e+000
  0.0000000e+000
  0.0000000e+000
  0.0000000e+000
  0.0000000e+000
  0.0000000e+000
  0.0000000e+000
  0.0000000e+000
  0.0000000e+000
  0.0000000e+000
  0.0000000e+000
  0.0000000e+000
  0.0000000e+000
  0.0000000e+000
  0.0000000e+000
  0.0000000e+000
  0.0000000e+000
  0.0000000e+000
  2.9000000e-001
  0.0000000e+000
  0.0000000e+000
  0.0000000e+000
  1.4800000e+000
  0.0000000e+000
  2.3200000e+000
  6.0000000e-002
  0.0000000e+000
  0.0000000e+000
  0.0000000e+000
  4.0900000e+000
  2.2000000e-001
  4.0500000e+000
  6.1390000e+001
  1.6000000e-001
  6.0000000e-002
  0.0000000e+000
  6.3000000e-001
  4.0800000e+000
  6.0000000e-002
  0.0000000e+000
  0.0000000e+000
  0.0000000e+000
  0.0000000e+000
  0.0000000e+000
  0.0000000e+000
  0.0000000e+000
  0.0000000e+000
  3.8800000e+000
  2.9300000e+000
  3.6000000e+000
  2.7000000e-001
  0.0000000e+000
  0.0000000e+000
  0.0000000e+000
  0.0000000e+000
  0.0000000e+000
  0.0000000e+000
  1.7500000e+000
  1.2060000e+001
  6.0000000e-002
  0.0000000e+000
  0.0000000e+000
  0.0000000e+000
  1.6000000e-001
  0.0000000e+000
  0.0000000e+000
  0.0000000e+000
  4.9200000e+000
  0.0000000e+000
  0.0000000e+000
  3.5000000e-001
  3.9000000e-001
  1.2000000e+000
  3.5000000e-001
  0.0000000e+000
  0.0000000e+000
  0.0000000e+000
  0.0000000e+000
  0.0000000e+000
  7.8000000e-001
  0.0000000e+000
  0.0000000e+000
  0.0000000e+000
  8.1000000e-001
  0.0000000e+000
  0.0000000e+000
  0.0000000e+000
  0.0000000e+000
  0.0000000e+000
  0.0000000e+000
  0.0000000e+000
  0.0000000e+000
  0.0000000e+000
  0.0000000e+000
  0.0000000e+000
  0.0000000e+000
  0.0000000e+000
  0.0000000e+000
  0.0000000e+000
  0.0000000e+000
  0.0000000e+000
  0.0000000e+000
  0.0000000e+000
  0.0000000e+000
  2.2700000e+000
  1.2900000e+000
  3.9000000e-001
  5.9000000e+000
  1.9000000e-001
  7.8000000e-001
  9.0000000e-001
  0.0000000e+000
  1.3400000e+000
  1.2380000e+001
  1.9000000e-001
  1.2100000e+000
  9.0000000e-001
  1.6000000e-001
  2.8800000e+000
  1.9410000e+001
  3.0560000e+001
  2.2430000e+001
  2.1000000e-001
  0.0000000e+000
  0.0000000e+000
  1.7710000e+001
  4.8000000e+000
  6.0000000e-002
  0.0000000e+000
  6.0000000e-002
  0.0000000e+000
  0.0000000e+000
  0.0000000e+000
  0.0000000e+000
  0.0000000e+000
  0.0000000e+000
  0.0000000e+000
  0.0000000e+000
  6.0000000e-002
  2.8000000e-001
  3.0000000e+000
  0.0000000e+000
  6.0000000e-002
  6.0000000e-002
  8.0000000e-001
  1.4050000e+001
  4.5900000e+000
  1.7720000e+001
  3.8000000e-001
  0.0000000e+000
  0.0000000e+000
  0.0000000e+000
  2.7000000e-001
  6.7200000e+000
  2.1900000e+000
  3.7640000e+001
  1.4970000e+001
  1.0350000e+001
  2.8040000e+001
  7.5400000e+000
  1.2900000e+000
  2.6800000e+000
  6.1000000e-001
  1.2610000e+001
  9.5000000e-001
  9.0000000e-001
  2.4500000e+000
  0.0000000e+000
  0.0000000e+000
  0.0000000e+000
  0.0000000e+000
  0.0000000e+000
  0.0000000e+000
  1.4490000e+001
  2.3590000e+001
  8.8300000e+000
  0.0000000e+000
  8.4000000e-001
  4.0000000e-001
  1.1530000e+001
  8.0000000e-002
  8.0300000e+000
  3.3000000e+000
  8.4400000e+000
  3.7000000e-001
  5.3000000e-001
  0.0000000e+000
  6.0000000e-002
  0.0000000e+000
  0.0000000e+000
  1.2730000e+001
  2.2980000e+001
  5.8900000e+000
  1.6000000e-001
  0.0000000e+000
  6.0000000e-002
  0.0000000e+000
  4.1100000e+000
  5.0400000e+000
  3.8400000e+000
  3.8300000e+000
  0.0000000e+000
  5.4500000e+000
  1.4500000e+000
  0.0000000e+000
  0.0000000e+000
  6.8400000e+000
  0.0000000e+000
  1.4000000e+000
  1.1230000e+001
  7.7800000e+000
  2.9800000e+000
  2.0900000e+000
  1.5600000e+001
  7.6000000e+000
  3.5800000e+000
  8.0500000e+000
  0.0000000e+000
  2.8000000e-001
  7.2800000e+000
  3.0500000e+000
  2.4500000e+000
  2.2000000e+000
  0.0000000e+000
  0.0000000e+000
  1.6000000e+000
  6.5000000e+000
  2.2000000e-001
  0.0000000e+000
  0.0000000e+000
  0.0000000e+000
  0.0000000e+000
  1.1000000e-001
  5.3300000e+000
  6.0000000e-002
  0.0000000e+000
  3.7000000e-001
  1.8250000e+001
  3.1000000e-001
  6.0000000e-002
  1.7000000e+000
  5.3400000e+000
  9.7000000e-001
  1.7600000e+000
  3.1000000e-001
  1.6000000e-001
  6.0000000e-002
  4.7000000e-001
  2.1000000e-001
  0.0000000e+000
  0.0000000e+000
  2.2700000e+000
  1.6000000e-001
  0.0000000e+000
  0.0000000e+000
  0.0000000e+000
  0.0000000e+000
  3.9000000e-001
  1.8400000e+000
  9.2000000e-001
  0.0000000e+000
  7.5000000e-001
  0.0000000e+000
  0.0000000e+000
  7.2200000e+000
  1.9220000e+001
  6.3000000e-001
  2.5100000e+000
  5.4000000e-001
  9.1700000e+000
  9.9000000e-001
  6.4000000e-001
  0.0000000e+000
  0.0000000e+000
  0.0000000e+000
  0.0000000e+000
  0.0000000e+000
  6.2000000e-001
  0.0000000e+000
  3.5000000e-001
  9.0000000e-002
  0.0000000e+000
  1.4000000e-001
  0.0000000e+000
  8.4000000e-001
  1.1000000e-001
  0.0000000e+000
  3.1000000e+000
  1.4000000e-001
  6.0000000e-002
  0.0000000e+000
  1.1600000e+000
  1.5290000e+001
  9.0000000e-002
  0.0000000e+000
  0.0000000e+000
  0.0000000e+000
  0.0000000e+000
  0.0000000e+000
  0.0000000e+000
  6.0000000e-002
  9.0000000e-002
  0.0000000e+000
  0.0000000e+000
  0.0000000e+000
  0.0000000e+000
  0.0000000e+000
  1.0100000e+000
  0.0000000e+000
  0.0000000e+000
  0.0000000e+000
  0.0000000e+000
  0.0000000e+000
  3.8000000e+000
  9.0000000e-002
  0.0000000e+000
  0.0000000e+000
  0.0000000e+000
  6.0000000e-002
  0.0000000e+000
  0.0000000e+000
  0.0000000e+000
  0.0000000e+000
  0.0000000e+000
  0.0000000e+000
  0.0000000e+000
  0.0000000e+000
  2.3000000e-001
  1.4000000e-001
  0.0000000e+000
  0.0000000e+000
  0.0000000e+000
  0.0000000e+000
  0.0000000e+000
  0.0000000e+000
  0.0000000e+000
  0.0000000e+000
  0.0000000e+000
  0.0000000e+000
  0.0000000e+000
  0.0000000e+000
  0.0000000e+000
  0.0000000e+000
  0.0000000e+000
  0.0000000e+000
  0.0000000e+000
  0.0000000e+000
  0.0000000e+000
  0.0000000e+000
  0.0000000e+000
  0.0000000e+000
  0.0000000e+000
  0.0000000e+000
  0.0000000e+000
  1.2500000e+000
  0.0000000e+000
  0.0000000e+000
  0.0000000e+000
  0.0000000e+000
  0.0000000e+000
  0.0000000e+000
  0.0000000e+000
  0.0000000e+000
  0.0000000e+000
  0.0000000e+000
  0.0000000e+000
  0.0000000e+000
  0.0000000e+000
  9.0000000e-002
  9.0000000e-002
  0.0000000e+000
  0.0000000e+000
  0.0000000e+000
  0.0000000e+000
  0.0000000e+000
  0.0000000e+000
  0.0000000e+000
  0.0000000e+000
  0.0000000e+000
  0.0000000e+000
  0.0000000e+000
  0.0000000e+000
  0.0000000e+000
  0.0000000e+000
  0.0000000e+000
  0.0000000e+000
  0.0000000e+000
  0.0000000e+000
  0.0000000e+000
  0.0000000e+000
  0.0000000e+000
  0.0000000e+000
  0.0000000e+000
  0.0000000e+000
  0.0000000e+000
  0.0000000e+000
  0.0000000e+000
  0.0000000e+000
  0.0000000e+000
  0.0000000e+000
  0.0000000e+000
  0.0000000e+000
  0.0000000e+000
  0.0000000e+000
  0.0000000e+000
  0.0000000e+000
  0.0000000e+000
  0.0000000e+000
  0.0000000e+000
  0.0000000e+000
  6.0000000e-002
  0.0000000e+000
  0.0000000e+000
  0.0000000e+000
  0.0000000e+000
  0.0000000e+000
  9.0000000e-002
  4.5000000e-001
  0.0000000e+000
  1.8500000e+000
  8.0000000e+000
  2.0000000e-001
  0.0000000e+000
  0.0000000e+000
  0.0000000e+000
  0.0000000e+000
  0.0000000e+000
  4.6000000e-001
  4.1000000e-001
  2.2000000e-001
  1.0000000e-001
  0.0000000e+000
  0.0000000e+000
  2.2000000e-001
  1.5900000e+000
  1.1000000e-001
  0.0000000e+000
  0.0000000e+000
  6.2000000e-001
  6.0000000e-002
  0.0000000e+000
  0.0000000e+000
  3.5560000e+001
  2.6200000e+000
  0.0000000e+000
  2.8700000e+000
  1.4000000e-001
  0.0000000e+000
  0.0000000e+000
  0.0000000e+000
  0.0000000e+000
  0.0000000e+000
  0.0000000e+000
  0.0000000e+000
  0.0000000e+000
  5.1600000e+000
  3.5800000e+000
  6.0000000e-002
  0.0000000e+000
  2.6210000e+001
  3.7500000e+000
  1.4500000e+000
  9.0000000e-002
  9.0000000e-002
  1.1000000e-001
  1.5690000e+001
  1.5200000e+000
  0.0000000e+000
  0.0000000e+000
  9.0000000e-002
  0.0000000e+000
  0.0000000e+000
  2.9200000e+000
  3.0410000e+001
  9.4800000e+000
  1.9900000e+000
  0.0000000e+000
  0.0000000e+000
  7.4000000e-001
  6.0000000e-002
  0.0000000e+000
  0.0000000e+000
  0.0000000e+000
  0.0000000e+000
  0.0000000e+000
  0.0000000e+000
  0.0000000e+000
  3.5000000e-001
  0.0000000e+000
  6.0000000e-002
  9.0000000e-002
  0.0000000e+000
  0.0000000e+000
  0.0000000e+000
  0.0000000e+000
  0.0000000e+000
  0.0000000e+000
  0.0000000e+000
  0.0000000e+000
  4.3600000e+000
  1.4000000e-001
  1.7200000e+000
  1.8480000e+001
  8.1000000e-001
  8.9900000e+000
  6.5200000e+000
  6.0000000e-002
  6.0000000e-002
  0.0000000e+000
  2.3000000e-001
  7.4300000e+000
  3.3700000e+000
  1.1440000e+001
  8.7000000e+000
  2.7520000e+001
  9.1400000e+000
  4.3900000e+000
  6.7400000e+000
  1.3500000e+000
  1.1800000e+000
  3.3200000e+000
  2.1300000e+000
  2.4100000e+000
  5.2000000e-001
  4.8700000e+000
  0.0000000e+000
  8.3000000e-001
  8.2000000e-001
  9.1200000e+000
  1.2950000e+001
  0.0000000e+000
  9.0000000e-002
  0.0000000e+000
  2.6960000e+001
  4.5700000e+000
  9.0000000e-002
  0.0000000e+000
  0.0000000e+000
  2.4100000e+000
  3.0700000e+000
  1.9800000e+000
  2.9800000e+000
  9.0000000e-002
  5.0000000e-001
  0.0000000e+000
  0.0000000e+000
  0.0000000e+000
  1.5900000e+000
  5.7800000e+000
  6.0500000e+000
  0.0000000e+000
  6.0000000e-002
  9.0000000e-002
  3.5000000e-001
  1.1135000e+002
  1.1180000e+001
  2.0260000e+001
  6.2000000e-001
  0.0000000e+000
  0.0000000e+000
  9.0000000e-002
  0.0000000e+000
  0.0000000e+000
  0.0000000e+000
  0.0000000e+000
  0.0000000e+000
  0.0000000e+000
  0.0000000e+000
  0.0000000e+000
  1.9660000e+001
  1.4000000e-001
  0.0000000e+000
  0.0000000e+000
  6.0000000e-002
  0.0000000e+000
  0.0000000e+000
  2.2200000e+000
  5.9600000e+000
  8.1000000e-001
  7.6700000e+000
  9.0000000e-002
  1.7500000e+001
  1.6400000e+000
  1.4000000e-001
  0.0000000e+000
  0.0000000e+000
  0.0000000e+000
  0.0000000e+000
  0.0000000e+000
  6.0000000e-002
  0.0000000e+000
  9.0000000e-002
  0.0000000e+000
  9.7000000e-001
  0.0000000e+000
  0.0000000e+000
  0.0000000e+000
  0.0000000e+000
  0.0000000e+000
  2.2000000e-001
  0.0000000e+000
  0.0000000e+000
  0.0000000e+000
  0.0000000e+000
  0.0000000e+000
  4.8200000e+000
  8.0200000e+000
  0.0000000e+000
  0.0000000e+000
  5.6000000e-001
  1.3390000e+001
  9.4100000e+000
  2.9700000e+000
  1.3680000e+001
  4.2000000e+000
  9.0000000e-002
  0.0000000e+000
  0.0000000e+000
  0.0000000e+000
  0.0000000e+000
  1.4800000e+000
  3.4200000e+000
  0.0000000e+000
  1.8000000e-001
  9.0000000e-002
  0.0000000e+000
  0.0000000e+000
  0.0000000e+000
  0.0000000e+000
  7.9000000e-001
  7.1100000e+000
  5.4200000e+000
  2.4700000e+000
  6.0000000e-002
  0.0000000e+000
  6.0000000e-002
  0.0000000e+000
  0.0000000e+000
  0.0000000e+000
  0.0000000e+000
  0.0000000e+000
  0.0000000e+000
  0.0000000e+000
  0.0000000e+000
  0.0000000e+000
  0.0000000e+000
  0.0000000e+000
  4.0400000e+000
  2.7900000e+000
  4.7500000e+000
  5.2800000e+000
  1.8000000e-001
  9.0000000e-002
  0.0000000e+000
  0.0000000e+000
  0.0000000e+000
  0.0000000e+000
  0.0000000e+000
  0.0000000e+000
  0.0000000e+000
  1.9600000e+000
  0.0000000e+000
  1.0100000e+000
  1.0200000e+000
  1.1800000e+000
  0.0000000e+000
  2.1200000e+000
  6.0000000e-002
  1.8000000e-001
  9.0000000e-002
  0.0000000e+000
  0.0000000e+000
  0.0000000e+000
  0.0000000e+000
  0.0000000e+000
  0.0000000e+000
  2.6000000e-001
  1.0580000e+001
  3.8500000e+000
  0.0000000e+000
  0.0000000e+000
  0.0000000e+000
  0.0000000e+000
  0.0000000e+000
  0.0000000e+000
  2.1100000e+000
  6.0000000e-002
  0.0000000e+000
  0.0000000e+000
  0.0000000e+000
  0.0000000e+000
  0.0000000e+000
  0.0000000e+000
  0.0000000e+000
  0.0000000e+000
  0.0000000e+000
  0.0000000e+000
  5.0000000e-001
  0.0000000e+000
  0.0000000e+000
  0.0000000e+000
  0.0000000e+000
  1.5950000e+001
  0.0000000e+000
  2.5600000e+000
  2.2000000e-001
  5.6000000e-001
  0.0000000e+000
  1.2600000e+000
  2.6000000e-001
