  0.0000000e+000
  0.0000000e+000
  0.0000000e+000
  0.0000000e+000
  0.0000000e+000
  0.0000000e+000
  0.0000000e+000
  0.0000000e+000
  0.0000000e+000
  0.0000000e+000
  0.0000000e+000
  0.0000000e+000
  0.0000000e+000
  0.0000000e+000
  0.0000000e+000
  0.0000000e+000
  0.0000000e+000
  0.0000000e+000
  0.0000000e+000
  0.0000000e+000
  0.0000000e+000
  0.0000000e+000
  0.0000000e+000
  0.0000000e+000
  0.0000000e+000
  0.0000000e+000
  0.0000000e+000
  0.0000000e+000
  0.0000000e+000
  0.0000000e+000
  0.0000000e+000
  0.0000000e+000
  0.0000000e+000
  0.0000000e+000
  0.0000000e+000
  0.0000000e+000
  0.0000000e+000
  0.0000000e+000
  0.0000000e+000
  0.0000000e+000
  0.0000000e+000
  0.0000000e+000
  0.0000000e+000
  0.0000000e+000
  0.0000000e+000
  0.0000000e+000
  0.0000000e+000
  0.0000000e+000
  0.0000000e+000
  0.0000000e+000
  0.0000000e+000
  0.0000000e+000
  0.0000000e+000
  0.0000000e+000
  0.0000000e+000
  0.0000000e+000
  0.0000000e+000
  0.0000000e+000
  0.0000000e+000
  0.0000000e+000
  0.0000000e+000
  0.0000000e+000
  0.0000000e+000
  0.0000000e+000
  0.0000000e+000
  0.0000000e+000
  0.0000000e+000
  0.0000000e+000
  0.0000000e+000
  0.0000000e+000
  0.0000000e+000
  0.0000000e+000
  0.0000000e+000
  0.0000000e+000
  0.0000000e+000
  0.0000000e+000
  0.0000000e+000
  0.0000000e+000
  0.0000000e+000
  0.0000000e+000
  0.0000000e+000
  0.0000000e+000
  0.0000000e+000
  0.0000000e+000
  0.0000000e+000
  0.0000000e+000
  0.0000000e+000
  0.0000000e+000
  0.0000000e+000
  0.0000000e+000
  0.0000000e+000
  0.0000000e+000
  0.0000000e+000
  0.0000000e+000
  0.0000000e+000
  0.0000000e+000
  0.0000000e+000
  0.0000000e+000
  0.0000000e+000
  0.0000000e+000
  0.0000000e+000
  0.0000000e+000
  0.0000000e+000
  0.0000000e+000
  0.0000000e+000
  0.0000000e+000
  0.0000000e+000
  0.0000000e+000
  0.0000000e+000
  0.0000000e+000
  0.0000000e+000
  0.0000000e+000
  0.0000000e+000
  0.0000000e+000
  0.0000000e+000
  0.0000000e+000
  0.0000000e+000
  0.0000000e+000
  0.0000000e+000
  0.0000000e+000
  0.0000000e+000
  0.0000000e+000
  0.0000000e+000
  0.0000000e+000
  0.0000000e+000
  0.0000000e+000
  0.0000000e+000
  0.0000000e+000
  0.0000000e+000
  0.0000000e+000
  0.0000000e+000
  0.0000000e+000
  0.0000000e+000
  0.0000000e+000
  0.0000000e+000
  0.0000000e+000
  0.0000000e+000
  0.0000000e+000
  0.0000000e+000
  0.0000000e+000
  0.0000000e+000
  0.0000000e+000
  0.0000000e+000
  0.0000000e+000
  0.0000000e+000
  0.0000000e+000
  0.0000000e+000
  0.0000000e+000
  0.0000000e+000
  0.0000000e+000
  0.0000000e+000
  0.0000000e+000
  0.0000000e+000
  0.0000000e+000
  0.0000000e+000
  0.0000000e+000
  0.0000000e+000
  0.0000000e+000
  0.0000000e+000
  0.0000000e+000
  0.0000000e+000
  0.0000000e+000
  0.0000000e+000
  0.0000000e+000
  0.0000000e+000
  0.0000000e+000
  0.0000000e+000
  0.0000000e+000
  0.0000000e+000
  0.0000000e+000
  0.0000000e+000
  0.0000000e+000
  0.0000000e+000
  0.0000000e+000
  0.0000000e+000
  0.0000000e+000
  0.0000000e+000
  0.0000000e+000
  0.0000000e+000
  0.0000000e+000
  0.0000000e+000
  0.0000000e+000
  0.0000000e+000
  0.0000000e+000
  0.0000000e+000
  0.0000000e+000
  0.0000000e+000
  0.0000000e+000
  0.0000000e+000
  0.0000000e+000
  0.0000000e+000
  0.0000000e+000
  0.0000000e+000
  0.0000000e+000
  0.0000000e+000
  0.0000000e+000
  0.0000000e+000
  0.0000000e+000
  6.0000000e-003
  2.4000000e-002
  2.4000000e-002
  3.7000000e-002
  1.6000000e-002
  4.2000000e-002
  4.2000000e-002
  3.0000000e-002
  2.3000000e-002
  2.0000000e-002
  1.7000000e-002
  1.5000000e-002
  1.6000000e-002
  1.5000000e-002
  1.2000000e-002
  6.7000000e-002
  1.3200000e-001
  1.0900000e-001
  8.3000000e-002
  6.0000000e-002
  4.5000000e-002
  3.6700000e-001
  5.2300000e-001
  9.7800000e-001
  2.5820000e+000
  2.5000000e+000
  1.7690000e+000
  1.3470000e+000
  1.0320000e+000
  7.5000000e-001
  5.7100000e-001
  4.8300000e-001
  5.6100000e-001
  9.4900000e-001
  1.0240000e+000
  8.1500000e-001
  7.0300000e-001
  6.4100000e-001
  5.8300000e-001
  5.1400000e-001
  4.9100000e-001
  4.8800000e-001
  4.5100000e-001
  3.9700000e-001
  3.3200000e-001
  2.8200000e-001
  2.4900000e-001
  2.2000000e-001
  1.9600000e-001
  1.7500000e-001
  1.5700000e-001
  1.4900000e-001
  1.6600000e-001
  1.5600000e-001
  1.8600000e-001
  1.7200000e-001
  1.4400000e-001
  1.2600000e-001
  1.1300000e-001
  1.0300000e-001
  1.0400000e-001
  1.0300000e-001
  1.0200000e-001
  1.1200000e-001
  1.2700000e-001
  1.1600000e-001
  1.0200000e-001
  9.1000000e-002
  8.2000000e-002
  7.9000000e-002
  7.5000000e-002
  7.3000000e-002
  6.9000000e-002
  6.5000000e-002
  6.0000000e-002
  7.3000000e-002
  8.7000000e-002
  1.1200000e-001
  2.6200000e-001
  3.2500000e-001
  2.9500000e-001
  2.1300000e-001
  1.9000000e-001
  2.0000000e-001
  2.0900000e-001
  2.4500000e-001
  2.3000000e-001
  2.9200000e-001
  2.9400000e-001
  2.1600000e-001
  1.6900000e-001
  1.4000000e-001
  1.1800000e-001
  1.0200000e-001
  8.8000000e-002
  7.5000000e-002
  6.5000000e-002
  5.4000000e-002
  4.6000000e-002
  4.1000000e-002
  3.7000000e-002
  3.2000000e-002
  3.5000000e-002
  3.4000000e-002
  3.5000000e-002
  5.6000000e-002
  5.7000000e-002
  6.0000000e-002
  8.7000000e-002
  8.3000000e-002
  6.8000000e-002
  5.7000000e-002
  4.5000000e-002
  3.8000000e-002
  3.4000000e-002
  2.8000000e-002
  2.3000000e-002
  2.1000000e-002
  1.9000000e-002
  1.5000000e-002
  1.0000000e-002
  9.0000000e-003
  7.0000000e-003
  5.0000000e-003
  3.0000000e-003
  2.0000000e-003
  1.0000000e-003
  1.0000000e-003
  1.0000000e-003
  1.0000000e-003
  2.0000000e-003
  2.0000000e-003
  1.0000000e-003
  1.0000000e-003
  1.0000000e-003
  0.0000000e+000
  0.0000000e+000
  0.0000000e+000
  0.0000000e+000
  0.0000000e+000
  0.0000000e+000
  0.0000000e+000
  0.0000000e+000
  0.0000000e+000
  0.0000000e+000
  0.0000000e+000
  0.0000000e+000
  0.0000000e+000
  0.0000000e+000
  0.0000000e+000
  0.0000000e+000
  0.0000000e+000
  0.0000000e+000
  0.0000000e+000
  0.0000000e+000
  0.0000000e+000
  0.0000000e+000
  0.0000000e+000
  0.0000000e+000
  0.0000000e+000
  0.0000000e+000
  0.0000000e+000
  0.0000000e+000
  0.0000000e+000
  0.0000000e+000
  0.0000000e+000
  0.0000000e+000
  0.0000000e+000
  0.0000000e+000
  0.0000000e+000
  0.0000000e+000
  0.0000000e+000
  0.0000000e+000
  0.0000000e+000
  0.0000000e+000
  0.0000000e+000
  0.0000000e+000
  0.0000000e+000
  0.0000000e+000
  0.0000000e+000
  0.0000000e+000
  0.0000000e+000
  0.0000000e+000
  0.0000000e+000
  0.0000000e+000
  0.0000000e+000
  0.0000000e+000
  0.0000000e+000
  0.0000000e+000
  0.0000000e+000
  0.0000000e+000
  0.0000000e+000
  0.0000000e+000
  0.0000000e+000
  0.0000000e+000
  0.0000000e+000
  0.0000000e+000
  0.0000000e+000
  0.0000000e+000
  0.0000000e+000
  0.0000000e+000
  0.0000000e+000
  0.0000000e+000
  0.0000000e+000
  0.0000000e+000
  0.0000000e+000
  0.0000000e+000
  0.0000000e+000
  0.0000000e+000
  0.0000000e+000
  0.0000000e+000
  0.0000000e+000
  0.0000000e+000
  0.0000000e+000
  0.0000000e+000
  0.0000000e+000
  0.0000000e+000
  0.0000000e+000
  0.0000000e+000
  0.0000000e+000
  0.0000000e+000
  0.0000000e+000
  0.0000000e+000
  0.0000000e+000
  0.0000000e+000
  0.0000000e+000
  0.0000000e+000
  0.0000000e+000
  0.0000000e+000
  0.0000000e+000
  0.0000000e+000
  0.0000000e+000
  0.0000000e+000
  0.0000000e+000
  0.0000000e+000
  0.0000000e+000
  0.0000000e+000
  0.0000000e+000
  0.0000000e+000
  0.0000000e+000
  0.0000000e+000
  0.0000000e+000
  0.0000000e+000
  0.0000000e+000
  0.0000000e+000
  0.0000000e+000
  0.0000000e+000
  0.0000000e+000
  0.0000000e+000
  0.0000000e+000
  0.0000000e+000
  0.0000000e+000
  0.0000000e+000
  0.0000000e+000
  0.0000000e+000
  0.0000000e+000
  0.0000000e+000
  0.0000000e+000
  0.0000000e+000
  0.0000000e+000
  0.0000000e+000
  0.0000000e+000
  0.0000000e+000
  0.0000000e+000
  0.0000000e+000
  0.0000000e+000
  0.0000000e+000
  0.0000000e+000
  0.0000000e+000
  0.0000000e+000
  0.0000000e+000
  0.0000000e+000
  0.0000000e+000
  0.0000000e+000
  0.0000000e+000
  0.0000000e+000
  0.0000000e+000
  0.0000000e+000
  0.0000000e+000
  0.0000000e+000
  0.0000000e+000
  0.0000000e+000
  0.0000000e+000
  0.0000000e+000
  0.0000000e+000
  0.0000000e+000
  0.0000000e+000
  0.0000000e+000
  0.0000000e+000
  0.0000000e+000
  0.0000000e+000
  0.0000000e+000
  0.0000000e+000
  0.0000000e+000
  0.0000000e+000
  0.0000000e+000
  0.0000000e+000
  0.0000000e+000
  0.0000000e+000
  0.0000000e+000
  0.0000000e+000
  0.0000000e+000
  0.0000000e+000
  0.0000000e+000
  0.0000000e+000
  0.0000000e+000
  0.0000000e+000
  0.0000000e+000
  0.0000000e+000
  0.0000000e+000
  0.0000000e+000
  0.0000000e+000
  0.0000000e+000
  0.0000000e+000
  0.0000000e+000
  0.0000000e+000
  0.0000000e+000
  0.0000000e+000
  0.0000000e+000
  0.0000000e+000
  0.0000000e+000
  0.0000000e+000
  0.0000000e+000
  0.0000000e+000
  0.0000000e+000
  0.0000000e+000
  0.0000000e+000
  0.0000000e+000
  0.0000000e+000
  0.0000000e+000
  0.0000000e+000
  0.0000000e+000
  0.0000000e+000
  0.0000000e+000
  0.0000000e+000
  0.0000000e+000
  0.0000000e+000
  0.0000000e+000
  0.0000000e+000
  0.0000000e+000
  3.1000000e-002
  5.2000000e-002
  3.4000000e-002
  1.9000000e-002
  6.6000000e-002
  1.7600000e-001
  2.0000000e-001
  2.8900000e-001
  2.8600000e-001
  1.5700000e-001
  1.0000000e-001
  6.9000000e-002
  5.3000000e-002
  4.4000000e-002
  3.7000000e-002
  3.1000000e-002
  2.5000000e-002
  2.1000000e-002
  1.9000000e-002
  2.2000000e-002
  2.5000000e-002
  4.2000000e-002
  6.7500000e-001
  2.9020000e+000
  3.7250000e+000
  4.7750000e+000
  4.9380000e+000
  6.2290000e+000
  9.0780000e+000
  9.5100000e+000
  7.7430000e+000
  5.7500000e+000
  4.2640000e+000
  3.9620000e+000
  3.3720000e+000
  2.7490000e+000
  2.2150000e+000
  1.8070000e+000
  1.5290000e+000
  1.3880000e+000
  1.2410000e+000
  1.0460000e+000
  9.1300000e-001
  8.7800000e-001
  1.0870000e+000
  9.8500000e-001
  8.3000000e-001
  7.2100000e-001
  6.3000000e-001
  5.6000000e-001
  5.0000000e-001
  4.5400000e-001
  4.1800000e-001
  3.9000000e-001
  3.6700000e-001
  3.5600000e-001
  3.2800000e-001
  3.0200000e-001
  2.7700000e-001
  2.5500000e-001
  2.3500000e-001
  2.2300000e-001
  2.1400000e-001
  1.9800000e-001
  1.8900000e-001
  1.9200000e-001
  1.7800000e-001
  1.8800000e-001
  2.6900000e-001
  5.2800000e-001
  4.4000000e-001
  3.4500000e-001
  2.7800000e-001
  2.3700000e-001
  2.1800000e-001
  2.0000000e-001
  1.9400000e-001
  1.7800000e-001
  1.6700000e-001
  2.0600000e-001
  3.6800000e-001
  9.9400000e-001
  1.0560000e+000
  7.8900000e-001
  6.6300000e-001
  1.0250000e+000
  1.1600000e+000
  8.4100000e-001
  6.6700000e-001
  6.6100000e-001
  8.2400000e-001
  7.2000000e-001
  6.0800000e-001
  7.7300000e-001
  1.2130000e+000
  1.0520000e+000
  8.6300000e-001
  7.0400000e-001
  5.7900000e-001
  4.8300000e-001
  6.4600000e-001
  3.3010000e+000
  4.3750000e+000
  3.9100000e+000
  2.8210000e+000
  1.9990000e+000
  1.4710000e+000
  1.1490000e+000
  9.3400000e-001
  7.7900000e-001
  6.6300000e-001
  5.7100000e-001
  4.8800000e-001
  4.2600000e-001
  3.7800000e-001
  3.4300000e-001
  3.0600000e-001
  2.7300000e-001
  2.4400000e-001
  2.2000000e-001
  1.9700000e-001
  1.7700000e-001
  1.6000000e-001
  1.4500000e-001
  1.3200000e-001
  1.2000000e-001
  1.1000000e-001
  1.0000000e-001
  9.0000000e-002
  8.1000000e-002
  7.2000000e-002
  6.5000000e-002
  5.8000000e-002
  5.7000000e-002
  5.1000000e-002
  4.5000000e-002
  4.1000000e-002
  3.6000000e-002
  3.4000000e-002
  3.0000000e-002
  2.7000000e-002
  2.3000000e-002
  2.1000000e-002
  1.7000000e-002
  1.6000000e-002
  1.3000000e-002
  9.0000000e-003
  7.0000000e-003
  6.0000000e-003
  3.0000000e-003
  2.0000000e-003
  1.0000000e-003
  1.0000000e-003
  1.0000000e-003
  0.0000000e+000
  1.0000000e-003
  1.0000000e-003
  1.0000000e-003
  0.0000000e+000
  0.0000000e+000
  0.0000000e+000
  0.0000000e+000
  0.0000000e+000
  0.0000000e+000
  0.0000000e+000
  0.0000000e+000
  0.0000000e+000
  0.0000000e+000
  0.0000000e+000
  0.0000000e+000
  0.0000000e+000
  0.0000000e+000
  0.0000000e+000
  0.0000000e+000
  0.0000000e+000
  0.0000000e+000
  0.0000000e+000
  0.0000000e+000
  0.0000000e+000
  0.0000000e+000
  0.0000000e+000
  0.0000000e+000
  0.0000000e+000
  0.0000000e+000
  0.0000000e+000
  0.0000000e+000
  0.0000000e+000
  0.0000000e+000
  0.0000000e+000
  0.0000000e+000
  0.0000000e+000
  0.0000000e+000
  0.0000000e+000
  0.0000000e+000
  0.0000000e+000
  0.0000000e+000
  0.0000000e+000
  0.0000000e+000
  0.0000000e+000
  0.0000000e+000
  0.0000000e+000
  0.0000000e+000
  0.0000000e+000
  0.0000000e+000
  0.0000000e+000
  0.0000000e+000
  0.0000000e+000
  0.0000000e+000
  0.0000000e+000
  0.0000000e+000
  0.0000000e+000
  0.0000000e+000
  0.0000000e+000
  0.0000000e+000
  0.0000000e+000
  0.0000000e+000
  0.0000000e+000
  0.0000000e+000
  0.0000000e+000
  0.0000000e+000
  0.0000000e+000
  0.0000000e+000
  0.0000000e+000
  0.0000000e+000
  0.0000000e+000
  0.0000000e+000
  0.0000000e+000
  0.0000000e+000
  0.0000000e+000
  0.0000000e+000
  0.0000000e+000
  0.0000000e+000
  0.0000000e+000
  0.0000000e+000
  0.0000000e+000
  0.0000000e+000
  0.0000000e+000
  0.0000000e+000
  0.0000000e+000
  0.0000000e+000
  0.0000000e+000
  0.0000000e+000
  0.0000000e+000
  0.0000000e+000
  0.0000000e+000
  0.0000000e+000
  0.0000000e+000
  0.0000000e+000
  0.0000000e+000
  0.0000000e+000
  0.0000000e+000
  0.0000000e+000
  0.0000000e+000
  0.0000000e+000
  0.0000000e+000
  0.0000000e+000
  0.0000000e+000
  0.0000000e+000
  0.0000000e+000
  0.0000000e+000
  0.0000000e+000
  0.0000000e+000
  0.0000000e+000
  0.0000000e+000
  0.0000000e+000
  0.0000000e+000
  0.0000000e+000
  0.0000000e+000
  0.0000000e+000
  0.0000000e+000
  0.0000000e+000
  0.0000000e+000
  0.0000000e+000
  0.0000000e+000
  0.0000000e+000
  0.0000000e+000
  0.0000000e+000
  0.0000000e+000
  0.0000000e+000
  0.0000000e+000
  0.0000000e+000
  0.0000000e+000
  0.0000000e+000
  0.0000000e+000
  0.0000000e+000
  0.0000000e+000
  0.0000000e+000
  0.0000000e+000
  0.0000000e+000
  0.0000000e+000
  0.0000000e+000
  0.0000000e+000
  0.0000000e+000
  0.0000000e+000
  0.0000000e+000
  0.0000000e+000
  0.0000000e+000
  0.0000000e+000
  0.0000000e+000
  0.0000000e+000
  0.0000000e+000
  0.0000000e+000
  0.0000000e+000
  0.0000000e+000
  0.0000000e+000
  0.0000000e+000
  0.0000000e+000
  0.0000000e+000
  0.0000000e+000
  0.0000000e+000
  0.0000000e+000
  0.0000000e+000
  0.0000000e+000
  0.0000000e+000
  0.0000000e+000
  0.0000000e+000
  0.0000000e+000
  0.0000000e+000
  0.0000000e+000
  0.0000000e+000
  0.0000000e+000
  0.0000000e+000
  0.0000000e+000
  0.0000000e+000
  0.0000000e+000
  0.0000000e+000
  0.0000000e+000
  0.0000000e+000
  0.0000000e+000
  0.0000000e+000
  0.0000000e+000
  0.0000000e+000
  0.0000000e+000
  0.0000000e+000
  0.0000000e+000
  0.0000000e+000
  0.0000000e+000
  0.0000000e+000
  0.0000000e+000
  0.0000000e+000
  0.0000000e+000
  0.0000000e+000
  0.0000000e+000
  0.0000000e+000
  0.0000000e+000
  0.0000000e+000
  0.0000000e+000
  0.0000000e+000
  0.0000000e+000
  0.0000000e+000
  0.0000000e+000
  0.0000000e+000
  0.0000000e+000
  0.0000000e+000
  0.0000000e+000
  0.0000000e+000
  0.0000000e+000
  0.0000000e+000
  0.0000000e+000
  0.0000000e+000
  0.0000000e+000
  0.0000000e+000
  0.0000000e+000
  0.0000000e+000
  0.0000000e+000
  0.0000000e+000
  0.0000000e+000
  0.0000000e+000
  0.0000000e+000
  0.0000000e+000
  2.0000000e-003
  2.5000000e-002
  1.7000000e-002
  7.0000000e-003
  5.0000000e-003
  3.0000000e-003
  2.0000000e-003
  2.0000000e-003
  3.0000000e-003
  3.1000000e-002
  2.1000000e-002
  1.2000000e-002
  7.0000000e-003
  7.0000000e-003
  4.2000000e-002
  8.7000000e-002
  8.6000000e-002
  1.7400000e-001
  2.2600000e-001
  1.4000000e-001
  1.1000000e-001
  7.9000000e-002
  1.0200000e-001
  1.0800000e-001
  8.2000000e-002
  8.8000000e-002
  7.4000000e-002
  5.7000000e-002
  4.6000000e-002
  3.9000000e-002
  3.5000000e-002
  4.9000000e-002
  8.4000000e-002
  7.4000000e-002
  9.5000000e-002
  7.1000000e-002
  5.7000000e-002
  5.7000000e-002
  5.1000000e-002
  4.6000000e-002
  5.0000000e-002
  5.2000000e-002
  4.6000000e-002
  5.0000000e-002
  5.4000000e-002
  5.0000000e-002
  4.4000000e-002
  3.9000000e-002
  3.6000000e-002
  3.4000000e-002
  3.8000000e-002
  2.0100000e-001
  1.0280000e+000
  1.9340000e+000
  1.2260000e+000
  7.6000000e-001
  5.4400000e-001
  4.2700000e-001
  4.1600000e-001
  4.4400000e-001
  4.6500000e-001
  3.7000000e-001
  3.0000000e-001
  2.5600000e-001
  2.2000000e-001
  1.9300000e-001
  1.7200000e-001
  1.5700000e-001
  1.4400000e-001
  1.3100000e-001
  1.2600000e-001
  1.2600000e-001
  1.2000000e-001
  1.3000000e-001
  1.8500000e-001
  2.3100000e-001
  2.0500000e-001
  1.7600000e-001
  1.4600000e-001
  1.2800000e-001
  1.2300000e-001
  1.1200000e-001
  1.0500000e-001
  1.0600000e-001
  1.0100000e-001
  1.1100000e-001
  1.3100000e-001
  1.5400000e-001
  1.8200000e-001
  1.7100000e-001
  1.4400000e-001
  1.1900000e-001
  1.0400000e-001
  9.4000000e-002
  8.6000000e-002
  7.9000000e-002
  7.9000000e-002
  8.2000000e-002
  7.2000000e-002
  7.1000000e-002
  7.2000000e-002
  7.1000000e-002
  6.7000000e-002
  6.6000000e-002
  6.7000000e-002
  6.2000000e-002
  6.4000000e-002
  6.1000000e-002
  5.8000000e-002
  5.4000000e-002
  4.9000000e-002
  4.6000000e-002
  4.3000000e-002
  3.7000000e-002
  3.5000000e-002
  5.4000000e-002
  5.2000000e-002
  3.8000000e-002
  3.2000000e-002
  2.9000000e-002
  2.9000000e-002
  2.7000000e-002
  2.3000000e-002
  2.0000000e-002
  1.7000000e-002
  1.4000000e-002
  9.0000000e-003
  8.0000000e-003
  6.0000000e-003
  5.0000000e-003
  3.0000000e-003
  2.0000000e-003
  2.0000000e-003
  2.0000000e-003
  1.0000000e-003
  5.0000000e-003
  9.0000000e-003
  3.0000000e-003
  1.6000000e-002
  3.5000000e-002
  3.2000000e-002
  2.1000000e-002
  1.7000000e-002
  1.6000000e-002
  1.7000000e-002
  1.4000000e-002
  1.0000000e-002
  1.7000000e-002
  1.7000000e-002
  1.6000000e-002
  1.0000000e-002
  8.0000000e-003
  5.0000000e-003
  3.0000000e-003
  2.0000000e-003
  1.0000000e-003
  1.0000000e-003
  0.0000000e+000
  0.0000000e+000
  0.0000000e+000
  0.0000000e+000
  0.0000000e+000
  0.0000000e+000
  0.0000000e+000
  0.0000000e+000
  0.0000000e+000
  0.0000000e+000
  0.0000000e+000
  0.0000000e+000
  0.0000000e+000
  0.0000000e+000
  0.0000000e+000
  0.0000000e+000
  0.0000000e+000
  0.0000000e+000
  0.0000000e+000
  0.0000000e+000
  0.0000000e+000
  0.0000000e+000
  0.0000000e+000
  0.0000000e+000
  0.0000000e+000
  0.0000000e+000
  0.0000000e+000
  0.0000000e+000
  0.0000000e+000
  0.0000000e+000
  0.0000000e+000
  0.0000000e+000
  0.0000000e+000
  0.0000000e+000
  0.0000000e+000
  0.0000000e+000
  0.0000000e+000
  0.0000000e+000
  0.0000000e+000
  0.0000000e+000
  0.0000000e+000
  0.0000000e+000
  0.0000000e+000
  0.0000000e+000
  0.0000000e+000
  0.0000000e+000
  0.0000000e+000
  0.0000000e+000
  0.0000000e+000
  0.0000000e+000
  0.0000000e+000
  0.0000000e+000
  0.0000000e+000
  0.0000000e+000
  0.0000000e+000
  0.0000000e+000
  0.0000000e+000
  0.0000000e+000
  0.0000000e+000
  0.0000000e+000
  0.0000000e+000
  0.0000000e+000
  0.0000000e+000
  0.0000000e+000
  0.0000000e+000
  0.0000000e+000
  0.0000000e+000
  0.0000000e+000
  0.0000000e+000
  0.0000000e+000
  0.0000000e+000
  0.0000000e+000
  0.0000000e+000
  0.0000000e+000
  0.0000000e+000
  0.0000000e+000
  0.0000000e+000
  0.0000000e+000
  0.0000000e+000
  0.0000000e+000
  0.0000000e+000
  0.0000000e+000
  0.0000000e+000
  0.0000000e+000
  0.0000000e+000
  0.0000000e+000
  0.0000000e+000
  0.0000000e+000
  0.0000000e+000
  0.0000000e+000
  0.0000000e+000
  0.0000000e+000
  0.0000000e+000
  0.0000000e+000
  0.0000000e+000
  0.0000000e+000
  0.0000000e+000
  0.0000000e+000
  0.0000000e+000
  0.0000000e+000
  0.0000000e+000
  0.0000000e+000
  0.0000000e+000
  0.0000000e+000
  0.0000000e+000
  0.0000000e+000
  0.0000000e+000
  0.0000000e+000
  0.0000000e+000
  0.0000000e+000
  0.0000000e+000
  0.0000000e+000
  0.0000000e+000
  0.0000000e+000
  0.0000000e+000
  0.0000000e+000
  0.0000000e+000
  0.0000000e+000
  0.0000000e+000
  0.0000000e+000
  0.0000000e+000
  0.0000000e+000
  0.0000000e+000
  0.0000000e+000
  0.0000000e+000
  0.0000000e+000
  0.0000000e+000
  0.0000000e+000
  0.0000000e+000
  0.0000000e+000
  0.0000000e+000
  0.0000000e+000
  0.0000000e+000
  0.0000000e+000
  0.0000000e+000
  0.0000000e+000
  0.0000000e+000
  0.0000000e+000
  0.0000000e+000
  0.0000000e+000
  0.0000000e+000
  0.0000000e+000
  0.0000000e+000
  0.0000000e+000
  0.0000000e+000
  0.0000000e+000
  0.0000000e+000
  0.0000000e+000
  0.0000000e+000
  0.0000000e+000
  0.0000000e+000
  0.0000000e+000
  0.0000000e+000
  0.0000000e+000
  0.0000000e+000
  0.0000000e+000
  0.0000000e+000
  0.0000000e+000
  0.0000000e+000
  0.0000000e+000
  0.0000000e+000
  0.0000000e+000
  0.0000000e+000
  0.0000000e+000
  0.0000000e+000
  0.0000000e+000
  0.0000000e+000
  0.0000000e+000
  0.0000000e+000
  0.0000000e+000
  0.0000000e+000
  0.0000000e+000
  0.0000000e+000
  0.0000000e+000
  0.0000000e+000
  0.0000000e+000
  0.0000000e+000
  0.0000000e+000
  0.0000000e+000
  0.0000000e+000
  0.0000000e+000
  0.0000000e+000
  0.0000000e+000
  0.0000000e+000
  0.0000000e+000
  0.0000000e+000
  0.0000000e+000
  0.0000000e+000
  0.0000000e+000
  0.0000000e+000
  0.0000000e+000
  0.0000000e+000
  0.0000000e+000
  0.0000000e+000
  0.0000000e+000
  0.0000000e+000
  0.0000000e+000
  0.0000000e+000
  0.0000000e+000
  0.0000000e+000
  0.0000000e+000
  0.0000000e+000
  0.0000000e+000
  9.8000000e-002
  1.3700000e-001
  1.6400000e-001
  2.3300000e-001
  2.2000000e-001
  2.0800000e-001
  1.4100000e-001
  1.0200000e-001
  3.0100000e-001
  6.6600000e-001
  5.5900000e-001
  3.7600000e-001
  2.6700000e-001
  2.0400000e-001
  1.6100000e-001
  1.2700000e-001
  1.0400000e-001
  8.7000000e-002
  9.1000000e-002
  1.5200000e-001
  6.5300000e-001
  1.1050000e+000
  8.4500000e-001
  5.9500000e-001
  7.5100000e-001
  1.2440000e+000
  9.3100000e-001
  6.4100000e-001
  5.0300000e-001
  4.0300000e-001
  3.3600000e-001
  2.8700000e-001
  2.5500000e-001
  2.4300000e-001
  4.1700000e-001
  1.0610000e+000
  1.6170000e+000
  1.4220000e+000
  1.1050000e+000
  9.0000000e-001
  9.9100000e-001
  1.1990000e+000
  9.6400000e-001
  7.5500000e-001
  6.2500000e-001
  6.1800000e-001
  7.0900000e-001
  6.1100000e-001
  5.2000000e-001
  8.1400000e-001
  1.1830000e+000
  1.0430000e+000
  8.3100000e-001
  6.9100000e-001
  5.7500000e-001
  4.8600000e-001
  4.2600000e-001
  4.8600000e-001
  7.6300000e-001
  7.8900000e-001
  7.0800000e-001
  1.2080000e+000
  1.2500000e+000
  1.0380000e+000
  8.5200000e-001
  8.3000000e-001
  1.4980000e+000
  1.5970000e+000
  1.3590000e+000
  1.3060000e+000
  1.4750000e+000
  1.3100000e+000
  1.1220000e+000
  9.9900000e-001
  9.3400000e-001
  9.6200000e-001
  8.4300000e-001
  7.4900000e-001
  7.3400000e-001
  7.0000000e-001
  6.4600000e-001
  5.6100000e-001
  4.8700000e-001
  4.3500000e-001
  4.7800000e-001
  6.8400000e-001
  6.7000000e-001
  6.0000000e-001
  5.9400000e-001
  5.2900000e-001
  4.4600000e-001
  3.9000000e-001
  3.8300000e-001
  5.8400000e-001
  8.8200000e-001
  1.1120000e+000
  1.0280000e+000
  7.6300000e-001
  6.0900000e-001
  5.5000000e-001
  5.8800000e-001
  6.4200000e-001
  5.7500000e-001
  5.0900000e-001
  4.6200000e-001
  4.4100000e-001
  4.3600000e-001
  4.1200000e-001
  3.6100000e-001
  3.1800000e-001
  2.8500000e-001
  2.5700000e-001
  2.3500000e-001
  2.1600000e-001
  1.9800000e-001
  1.8100000e-001
  2.1400000e-001
  3.3900000e-001
  6.3700000e-001
  4.7200000e-001
  3.6700000e-001
  3.1400000e-001
  4.2600000e-001
  6.6900000e-001
  6.8900000e-001
  5.1200000e-001
  4.2600000e-001
  3.6600000e-001
  3.3600000e-001
  2.9500000e-001
  2.6000000e-001
  2.2900000e-001
  1.9900000e-001
  1.7600000e-001
  1.6200000e-001
  1.4700000e-001
  1.3500000e-001
  1.2700000e-001
  1.1700000e-001
  1.0800000e-001
  9.8000000e-002
  8.8000000e-002
  7.9000000e-002
  7.1000000e-002
  6.6000000e-002
  6.1000000e-002
  5.3000000e-002
  4.7000000e-002
  4.4000000e-002
  4.7000000e-002
  4.7000000e-002
  3.9000000e-002
  3.4000000e-002
  3.0000000e-002
  2.7000000e-002
  2.3000000e-002
  2.2000000e-002
  2.9000000e-002
  3.1000000e-002
  2.7000000e-002
  2.2000000e-002
  2.0000000e-002
  1.7000000e-002
  1.7000000e-002
  1.6000000e-002
  1.3000000e-002
  9.0000000e-003
  7.0000000e-003
  6.0000000e-003
  5.0000000e-003
  3.0000000e-003
  3.0000000e-003
  3.0000000e-003
  2.0000000e-003
  2.0000000e-003
  1.0000000e-003
  0.0000000e+000
  0.0000000e+000
  0.0000000e+000
  0.0000000e+000
  0.0000000e+000
  0.0000000e+000
  0.0000000e+000
  0.0000000e+000
  0.0000000e+000
  0.0000000e+000
  0.0000000e+000
  0.0000000e+000
  0.0000000e+000
  0.0000000e+000
  0.0000000e+000
  0.0000000e+000
  0.0000000e+000
  0.0000000e+000
  0.0000000e+000
  0.0000000e+000
  0.0000000e+000
  0.0000000e+000
  0.0000000e+000
  0.0000000e+000
  0.0000000e+000
  0.0000000e+000
  0.0000000e+000
  0.0000000e+000
  0.0000000e+000
  0.0000000e+000
  0.0000000e+000
  0.0000000e+000
  0.0000000e+000
  0.0000000e+000
  0.0000000e+000
  0.0000000e+000
  0.0000000e+000
  0.0000000e+000
  0.0000000e+000
  0.0000000e+000
  0.0000000e+000
  0.0000000e+000
  0.0000000e+000
  0.0000000e+000
  0.0000000e+000
  0.0000000e+000
  0.0000000e+000
  0.0000000e+000
  0.0000000e+000
  0.0000000e+000
  0.0000000e+000
  0.0000000e+000
  0.0000000e+000
  0.0000000e+000
  0.0000000e+000
  0.0000000e+000
  0.0000000e+000
  0.0000000e+000
  0.0000000e+000
  0.0000000e+000
  0.0000000e+000
  0.0000000e+000
  0.0000000e+000
  0.0000000e+000
  0.0000000e+000
  0.0000000e+000
  0.0000000e+000
  0.0000000e+000
  0.0000000e+000
  0.0000000e+000
  0.0000000e+000
  0.0000000e+000
  0.0000000e+000
  0.0000000e+000
  0.0000000e+000
  0.0000000e+000
  0.0000000e+000
  0.0000000e+000
  0.0000000e+000
  0.0000000e+000
  0.0000000e+000
  0.0000000e+000
  0.0000000e+000
  0.0000000e+000
  0.0000000e+000
  0.0000000e+000
  0.0000000e+000
  0.0000000e+000
  0.0000000e+000
  0.0000000e+000
  0.0000000e+000
  0.0000000e+000
  0.0000000e+000
  0.0000000e+000
  0.0000000e+000
  0.0000000e+000
  0.0000000e+000
  0.0000000e+000
  0.0000000e+000
  0.0000000e+000
  0.0000000e+000
  0.0000000e+000
  0.0000000e+000
  0.0000000e+000
  0.0000000e+000
  0.0000000e+000
  0.0000000e+000
  0.0000000e+000
  0.0000000e+000
  0.0000000e+000
  0.0000000e+000
  0.0000000e+000
  0.0000000e+000
  0.0000000e+000
  0.0000000e+000
  0.0000000e+000
  0.0000000e+000
  0.0000000e+000
  0.0000000e+000
  0.0000000e+000
  0.0000000e+000
  0.0000000e+000
  0.0000000e+000
  0.0000000e+000
  0.0000000e+000
  0.0000000e+000
  0.0000000e+000
  0.0000000e+000
  0.0000000e+000
  0.0000000e+000
  0.0000000e+000
  0.0000000e+000
  0.0000000e+000
  0.0000000e+000
  0.0000000e+000
  0.0000000e+000
  0.0000000e+000
  0.0000000e+000
  0.0000000e+000
  0.0000000e+000
  0.0000000e+000
  0.0000000e+000
  0.0000000e+000
  0.0000000e+000
  0.0000000e+000
  0.0000000e+000
  0.0000000e+000
  0.0000000e+000
  0.0000000e+000
  0.0000000e+000
  0.0000000e+000
  0.0000000e+000
  0.0000000e+000
  0.0000000e+000
  0.0000000e+000
  0.0000000e+000
  0.0000000e+000
  0.0000000e+000
  0.0000000e+000
  0.0000000e+000
  0.0000000e+000
  0.0000000e+000
  0.0000000e+000
  0.0000000e+000
  0.0000000e+000
  0.0000000e+000
  1.2000000e-002
  2.2000000e-002
  5.0000000e-003
  3.0000000e-003
  8.0000000e-003
  3.0000000e-003
  2.0000000e-003
  1.0000000e-003
  4.1000000e-002
  2.2300000e-001
  7.5500000e-001
  1.0980000e+000
  7.2900000e-001
  4.6400000e-001
  1.1574000e+002
  1.1574000e+002
  1.1574000e+002
  1.1574000e+002
  1.1574000e+002
  1.1574000e+002
  1.1574000e+002
  1.1574000e+002
  1.1574000e+002
  1.1574000e+002
  1.1574000e+002
  1.1574000e+002
  1.7500000e-001
  2.2000000e-001
  3.0200000e-001
  4.8700000e-001
  8.2400000e-001
  9.6400000e-001
  1.1930000e+000
  1.0350000e+000
  7.7400000e-001
  6.0400000e-001
  4.8500000e-001
  4.0500000e-001
  3.5000000e-001
  3.0700000e-001
  2.7100000e-001
  2.4200000e-001
  2.1800000e-001
  2.0000000e-001
  1.8500000e-001
  1.7400000e-001
  1.7000000e-001
  1.6300000e-001
  1.6700000e-001
  3.3900000e-001
  6.3400000e-001
  6.5400000e-001
  5.0800000e-001
  5.4200000e-001
  2.5070000e+000
  4.9770000e+000
  4.7730000e+000
  3.6390000e+000
  3.2060000e+000
  2.9590000e+000
  2.8230000e+000
  2.7920000e+000
  3.7840000e+000
  4.8160000e+000
  4.9050000e+000
  3.9020000e+000
  3.3820000e+000
  2.9330000e+000
  2.5960000e+000
  2.4100000e+000
  3.2720000e+000
  4.0540000e+000
  4.2430000e+000
  4.8550000e+000
  7.8810000e+000
  8.4060000e+000
  5.6300000e+000
  5.1470000e+000
  7.8430000e+000
  9.2430000e+000
  7.1260000e+000
  5.0460000e+000
  4.9410000e+000
  5.7440000e+000
  5.2050000e+000
  3.9260000e+000
  3.1080000e+000
  2.6630000e+000
  2.4280000e+000
  2.3040000e+000
  2.0910000e+000
  1.8480000e+000
  1.6490000e+000
  1.4770000e+000
  1.3320000e+000
  1.2080000e+000
  1.0950000e+000
  1.0050000e+000
  9.3500000e-001
  8.8900000e-001
  8.5500000e-001
  1.0420000e+000
  2.3080000e+000
  2.9860000e+000
  2.8740000e+000
  2.0460000e+000
  1.5440000e+000
  1.2470000e+000
  1.0490000e+000
  9.1700000e-001
  8.9100000e-001
  1.2130000e+000
  1.1150000e+000
  1.0160000e+000
  1.4420000e+000
  1.6220000e+000
  1.4360000e+000
  1.2150000e+000
  1.0240000e+000
  8.9000000e-001
  7.9700000e-001
  7.3000000e-001
  6.6300000e-001
  6.5500000e-001
  7.4000000e-001
  1.1790000e+000
  1.6450000e+000
  1.4470000e+000
  1.0980000e+000
  8.9800000e-001
  7.7500000e-001
  7.1800000e-001
  6.4700000e-001
  5.9300000e-001
  5.4400000e-001
  4.8400000e-001
  4.2500000e-001
  3.8300000e-001
  3.5500000e-001
  3.2800000e-001
  3.0400000e-001
  2.8800000e-001
  2.7200000e-001
  2.5800000e-001
  2.4800000e-001
  2.3500000e-001
  2.2100000e-001
  2.0600000e-001
  1.9200000e-001
  2.0100000e-001
  3.3300000e-001
  4.9400000e-001
  4.8300000e-001
  3.8400000e-001
  3.1500000e-001
  2.6400000e-001
  2.6400000e-001
  2.4300000e-001
  2.5100000e-001
  2.3100000e-001
  2.0900000e-001
  1.9400000e-001
  1.8500000e-001
  1.7500000e-001
  1.6000000e-001
  1.4800000e-001
  1.4600000e-001
  1.8300000e-001
  6.7000000e-001
  5.3700000e-001
  3.5900000e-001
  2.7200000e-001
  2.2100000e-001
  1.8400000e-001
  1.6100000e-001
  1.4400000e-001
  1.3100000e-001
  1.2200000e-001
  1.1200000e-001
  1.0800000e-001
  1.2300000e-001
  1.5500000e-001
  2.1600000e-001
  2.5200000e-001
  2.1800000e-001
  1.8800000e-001
  1.6600000e-001
  1.4700000e-001
  1.3400000e-001
  1.2300000e-001
  1.1300000e-001
  1.0400000e-001
  9.7000000e-002
  9.1000000e-002
  8.6000000e-002
  8.0000000e-002
  7.3000000e-002
  6.8000000e-002
  6.4000000e-002
  6.0000000e-002
  5.6000000e-002
  5.1000000e-002
  4.6000000e-002
  4.2000000e-002
  3.9000000e-002
  3.7000000e-002
  3.5000000e-002
  3.1000000e-002
  2.9000000e-002
  2.7000000e-002
  2.7000000e-002
  2.4000000e-002
  2.2000000e-002
  2.1000000e-002
  2.0000000e-002
  2.0000000e-002
  1.7000000e-002
  1.6000000e-002
  1.5000000e-002
  1.5000000e-002
  1.4000000e-002
  1.6000000e-002
  1.3000000e-002
  1.0000000e-002
  9.0000000e-003
  8.0000000e-003
  7.0000000e-003
  6.0000000e-003
  5.0000000e-003
  3.0000000e-003
  3.0000000e-003
  2.0000000e-003
  2.0000000e-003
  1.0000000e-003
  1.0000000e-003
  1.0000000e-003
  1.7000000e-002
  2.1500000e-001
  6.6800000e-001
  7.9600000e-001
  5.3700000e-001
  3.6200000e-001
  2.5700000e-001
  1.9200000e-001
  1.4900000e-001
  1.1800000e-001
  9.6000000e-002
  7.8000000e-002
  6.6000000e-002
  5.4000000e-002
  4.6000000e-002
  3.8000000e-002
  3.1000000e-002
  2.5000000e-002
  2.0000000e-002
  1.6000000e-002
  1.3000000e-002
  8.0000000e-003
  5.0000000e-003
  3.0000000e-003
  2.0000000e-003
  2.0000000e-003
  2.0000000e-003
  2.0000000e-003
  1.0000000e-003
  1.0000000e-003
  1.0000000e-003
  0.0000000e+000
  0.0000000e+000
  0.0000000e+000
  0.0000000e+000
  0.0000000e+000
  0.0000000e+000
  0.0000000e+000
  0.0000000e+000
  0.0000000e+000
  0.0000000e+000
  0.0000000e+000
  0.0000000e+000
  0.0000000e+000
  0.0000000e+000
  0.0000000e+000
  0.0000000e+000
  0.0000000e+000
  0.0000000e+000
  0.0000000e+000
  0.0000000e+000
  0.0000000e+000
  0.0000000e+000
  0.0000000e+000
  0.0000000e+000
  0.0000000e+000
  0.0000000e+000
  0.0000000e+000
  0.0000000e+000
  0.0000000e+000
  0.0000000e+000
  0.0000000e+000
  0.0000000e+000
  0.0000000e+000
  0.0000000e+000
  0.0000000e+000
  0.0000000e+000
  0.0000000e+000
  0.0000000e+000
  0.0000000e+000
  0.0000000e+000
  0.0000000e+000
  0.0000000e+000
  0.0000000e+000
  0.0000000e+000
  0.0000000e+000
  0.0000000e+000
  0.0000000e+000
  0.0000000e+000
  0.0000000e+000
  0.0000000e+000
  0.0000000e+000
  0.0000000e+000
  0.0000000e+000
  0.0000000e+000
  0.0000000e+000
  0.0000000e+000
  0.0000000e+000
  0.0000000e+000
  0.0000000e+000
  0.0000000e+000
  0.0000000e+000
  0.0000000e+000
  0.0000000e+000
  0.0000000e+000
  0.0000000e+000
  0.0000000e+000
  0.0000000e+000
  0.0000000e+000
  0.0000000e+000
  0.0000000e+000
  0.0000000e+000
  0.0000000e+000
  0.0000000e+000
  0.0000000e+000
  0.0000000e+000
  0.0000000e+000
  0.0000000e+000
  0.0000000e+000
  0.0000000e+000
  0.0000000e+000
  0.0000000e+000
  0.0000000e+000
  0.0000000e+000
  0.0000000e+000
  0.0000000e+000
  0.0000000e+000
  0.0000000e+000
  0.0000000e+000
  0.0000000e+000
  0.0000000e+000
  0.0000000e+000
  0.0000000e+000
  0.0000000e+000
  0.0000000e+000
  0.0000000e+000
  0.0000000e+000
  0.0000000e+000
  0.0000000e+000
  0.0000000e+000
  0.0000000e+000
  0.0000000e+000
  0.0000000e+000
  0.0000000e+000
  0.0000000e+000
  0.0000000e+000
  0.0000000e+000
  0.0000000e+000
  0.0000000e+000
  0.0000000e+000
  0.0000000e+000
  0.0000000e+000
  0.0000000e+000
  0.0000000e+000
  0.0000000e+000
  0.0000000e+000
  1.0000000e-003
  1.0600000e-001
  6.7000000e-002
  1.9600000e-001
  1.8200000e-001
  1.5600000e-001
  1.1300000e-001
  8.9000000e-002
  7.9000000e-002
  8.0000000e-002
  8.8000000e-002
  8.0000000e-002
  7.5000000e-002
  6.9000000e-002
  6.2000000e-002
  5.9000000e-002
  5.6000000e-002
  4.7000000e-002
  6.9000000e-002
  7.5000000e-002
  1.1200000e-001
  1.4000000e-001
  1.5500000e-001
  1.4500000e-001
  1.1900000e-001
  1.0000000e-001
  8.6000000e-002
  7.5000000e-002
  6.7000000e-002
  6.8000000e-002
  2.2500000e-001
  4.6300000e-001
  5.0100000e-001
  3.8100000e-001
  3.0200000e-001
  4.7600000e-001
  5.8600000e-001
  6.5400000e-001
  6.5200000e-001
  5.3900000e-001
  4.3500000e-001
  3.8500000e-001
  4.4900000e-001
  5.2100000e-001
  4.4600000e-001
  3.5400000e-001
  3.0100000e-001
  3.8400000e-001
  6.4500000e-001
  6.7600000e-001
  5.0000000e-001
  3.9600000e-001
  3.3700000e-001
  4.7100000e-001
  9.2200000e-001
  8.2300000e-001
  5.9100000e-001
  4.8000000e-001
  4.0900000e-001
  3.6100000e-001
  3.2200000e-001
  2.8500000e-001
  2.5700000e-001
  2.3300000e-001
  2.3400000e-001
  2.4500000e-001
  3.0700000e-001
  2.9700000e-001
  2.8700000e-001
  6.3500000e-001
  8.1100000e-001
  5.8600000e-001
  4.4600000e-001
  3.7400000e-001
  3.2300000e-001
  2.8500000e-001
  2.5500000e-001
  2.3400000e-001
  2.1400000e-001
  2.0300000e-001
  1.9000000e-001
  1.8100000e-001
  1.6700000e-001
  1.5300000e-001
  1.4200000e-001
  1.3100000e-001
  1.2300000e-001
  1.1600000e-001
  1.0900000e-001
  1.0200000e-001
  9.6000000e-002
  1.5000000e-001
  6.7800000e-001
  1.8520000e+000
  1.5060000e+000
  9.4600000e-001
  6.6800000e-001
  5.4900000e-001
  5.8400000e-001
  7.0500000e-001
  7.0300000e-001
  7.9900000e-001
  1.0290000e+000
  8.8000000e-001
  6.6100000e-001
  5.3400000e-001
  4.4800000e-001
  3.9200000e-001
  3.5100000e-001
  3.2900000e-001
  3.6600000e-001
  6.4400000e-001
  1.1600000e+000
  1.2400000e+000
  8.8100000e-001
  6.4400000e-001
  5.1200000e-001
  4.2600000e-001
  3.6500000e-001
  3.1900000e-001
  2.8200000e-001
  2.5200000e-001
  2.2700000e-001
  2.0400000e-001
  1.8200000e-001
  1.6200000e-001
  1.4200000e-001
  1.2800000e-001
  1.1600000e-001
  1.0600000e-001
  9.8000000e-002
  9.8000000e-002
  1.0200000e-001
  9.3000000e-002
  8.7000000e-002
  8.1000000e-002
  7.4000000e-002
  6.8000000e-002
  6.2000000e-002
  5.8000000e-002
  5.3000000e-002
  4.9000000e-002
  4.7000000e-002
  4.4000000e-002
  3.8000000e-002
  3.5000000e-002
  3.1000000e-002
  2.8000000e-002
  2.5000000e-002
  2.2000000e-002
  2.0000000e-002
  1.7000000e-002
  1.6000000e-002
  1.2000000e-002
  8.0000000e-003
  6.0000000e-003
  5.0000000e-003
  3.0000000e-003
  2.0000000e-003
  2.0000000e-003
  1.0000000e-003
  1.0000000e-003
  1.0000000e-003
  1.0000000e-003
  2.0000000e-003
  2.0000000e-003
  1.0000000e-003
  1.0000000e-003
  1.0000000e-003
  0.0000000e+000
  0.0000000e+000
  0.0000000e+000
  0.0000000e+000
  0.0000000e+000
  0.0000000e+000
  0.0000000e+000
  0.0000000e+000
  0.0000000e+000
  0.0000000e+000
  0.0000000e+000
  0.0000000e+000
  0.0000000e+000
  0.0000000e+000
  0.0000000e+000
  0.0000000e+000
  0.0000000e+000
  0.0000000e+000
  0.0000000e+000
  0.0000000e+000
  0.0000000e+000
  0.0000000e+000
  0.0000000e+000
  0.0000000e+000
  0.0000000e+000
  0.0000000e+000
  0.0000000e+000
  0.0000000e+000
  0.0000000e+000
  0.0000000e+000
  0.0000000e+000
  0.0000000e+000
  0.0000000e+000
  0.0000000e+000
  0.0000000e+000
  0.0000000e+000
  0.0000000e+000
  0.0000000e+000
  0.0000000e+000
  0.0000000e+000
  0.0000000e+000
  0.0000000e+000
  0.0000000e+000
  0.0000000e+000
  0.0000000e+000
  0.0000000e+000
  0.0000000e+000
  0.0000000e+000
  0.0000000e+000
  0.0000000e+000
  0.0000000e+000
  0.0000000e+000
  0.0000000e+000
  0.0000000e+000
  0.0000000e+000
  0.0000000e+000
  0.0000000e+000
  0.0000000e+000
  0.0000000e+000
  0.0000000e+000
  0.0000000e+000
  0.0000000e+000
  0.0000000e+000
  0.0000000e+000
  0.0000000e+000
  0.0000000e+000
  0.0000000e+000
  0.0000000e+000
  0.0000000e+000
  0.0000000e+000
  0.0000000e+000
  0.0000000e+000
  0.0000000e+000
  0.0000000e+000
  0.0000000e+000
  0.0000000e+000
  0.0000000e+000
  0.0000000e+000
  0.0000000e+000
  0.0000000e+000
  0.0000000e+000
  0.0000000e+000
  0.0000000e+000
  0.0000000e+000
  0.0000000e+000
  0.0000000e+000
  0.0000000e+000
  0.0000000e+000
  0.0000000e+000
  0.0000000e+000
  0.0000000e+000
  0.0000000e+000
  0.0000000e+000
  0.0000000e+000
  0.0000000e+000
  0.0000000e+000
  0.0000000e+000
  0.0000000e+000
  0.0000000e+000
  0.0000000e+000
  0.0000000e+000
  0.0000000e+000
  0.0000000e+000
  0.0000000e+000
  0.0000000e+000
  0.0000000e+000
  0.0000000e+000
  0.0000000e+000
  0.0000000e+000
  0.0000000e+000
  0.0000000e+000
  0.0000000e+000
  0.0000000e+000
  0.0000000e+000
  0.0000000e+000
  0.0000000e+000
  0.0000000e+000
  0.0000000e+000
  0.0000000e+000
  0.0000000e+000
  0.0000000e+000
  0.0000000e+000
  0.0000000e+000
  0.0000000e+000
  0.0000000e+000
  0.0000000e+000
  0.0000000e+000
  0.0000000e+000
  0.0000000e+000
  0.0000000e+000
  0.0000000e+000
  0.0000000e+000
  0.0000000e+000
  0.0000000e+000
  0.0000000e+000
  0.0000000e+000
  0.0000000e+000
  0.0000000e+000
  0.0000000e+000
  0.0000000e+000
  0.0000000e+000
  0.0000000e+000
  0.0000000e+000
  0.0000000e+000
  0.0000000e+000
  0.0000000e+000
  0.0000000e+000
  0.0000000e+000
  0.0000000e+000
  0.0000000e+000
  0.0000000e+000
  0.0000000e+000
  0.0000000e+000
  0.0000000e+000
  0.0000000e+000
  0.0000000e+000
  0.0000000e+000
  0.0000000e+000
  0.0000000e+000
  0.0000000e+000
  0.0000000e+000
  0.0000000e+000
  0.0000000e+000
  0.0000000e+000
  0.0000000e+000
  0.0000000e+000
  0.0000000e+000
  0.0000000e+000
  0.0000000e+000
  0.0000000e+000
  0.0000000e+000
  0.0000000e+000
  0.0000000e+000
  0.0000000e+000
  0.0000000e+000
  0.0000000e+000
  0.0000000e+000
  0.0000000e+000
  0.0000000e+000
  0.0000000e+000
  0.0000000e+000
  0.0000000e+000
  0.0000000e+000
  0.0000000e+000
  0.0000000e+000
  0.0000000e+000
  0.0000000e+000
  0.0000000e+000
  0.0000000e+000
  0.0000000e+000
  0.0000000e+000
  0.0000000e+000
  0.0000000e+000
  0.0000000e+000
  0.0000000e+000
  0.0000000e+000
  0.0000000e+000
  0.0000000e+000
  1.7000000e-002
  2.8000000e-002
  2.9000000e-002
  1.0000000e-002
  6.0000000e-003
  5.0000000e-003
  3.0000000e-003
  7.0000000e-003
  4.3000000e-002
  7.1000000e-002
  4.5300000e-001
  2.4510000e+000
  3.7040000e+000
  3.3260000e+000
  2.9250000e+000
  1.7730000e+000
  1.1600000e+000
  8.0400000e-001
  5.9600000e-001
  4.6300000e-001
  4.2900000e-001
  1.0350000e+000
  1.6190000e+000
  1.4320000e+000
  1.1920000e+000
  8.8400000e-001
  6.7900000e-001
  5.4500000e-001
  4.4400000e-001
  3.6900000e-001
  3.1400000e-001
  2.7200000e-001
  2.4300000e-001
  2.2200000e-001
  2.0300000e-001
  1.8200000e-001
  2.3000000e-001
  1.0420000e+000
  3.6440000e+000
  5.7570000e+000
  4.8680000e+000
  3.0600000e+000
  2.1860000e+000
  2.2110000e+000
  2.0730000e+000
  1.7000000e+000
  1.4250000e+000
  1.2330000e+000
  1.6680000e+000
  4.9190000e+000
  6.3380000e+000
  4.5410000e+000
  3.0350000e+000
  2.1520000e+000
  1.7000000e+000
  1.4760000e+000
  1.9860000e+000
  2.5250000e+000
  2.8060000e+000
  2.7690000e+000
  2.3090000e+000
  1.9630000e+000
  1.9550000e+000
  1.6780000e+000
  1.5010000e+000
  1.3970000e+000
  1.6080000e+000
  4.6760000e+000
  1.0110000e+001
  1.1854000e+001
  9.7690000e+000
  6.5390000e+000
  6.2200000e+000
  8.0660000e+000
  7.6990000e+000
  5.8770000e+000
  5.6170000e+000
  8.8720000e+000
  9.1660000e+000
  1.6769000e+001
  1.5722000e+001
  1.2836000e+001
  1.6223000e+001
  1.2132000e+001
  7.7440000e+000
  5.5660000e+000
  4.5960000e+000
  6.3240000e+000
  1.0899000e+001
  9.1200000e+000
  7.7070000e+000
  7.2400000e+000
  5.5950000e+000
  4.3750000e+000
  3.5350000e+000
  2.9460000e+000
  2.5090000e+000
  2.1890000e+000
  1.9540000e+000
  1.8850000e+000
  2.1010000e+000
  1.8310000e+000
  1.6540000e+000
  1.4730000e+000
  1.3300000e+000
  1.2430000e+000
  1.1300000e+000
  1.0050000e+000
  8.8300000e-001
  7.9100000e-001
  7.1200000e-001
  6.4800000e-001
  5.8700000e-001
  5.4200000e-001
  4.9800000e-001
  4.5600000e-001
  4.1800000e-001
  4.0900000e-001
  4.2200000e-001
  4.6900000e-001
  4.1200000e-001
  3.6300000e-001
  3.2800000e-001
  3.0200000e-001
  2.8000000e-001
  2.5500000e-001
  2.2900000e-001
  2.0600000e-001
  1.8500000e-001
  1.7000000e-001
  1.5500000e-001
  1.4100000e-001
  1.2800000e-001
  1.1900000e-001
  1.1200000e-001
  1.0300000e-001
  9.4000000e-002
  8.4000000e-002
  7.6000000e-002
  6.9000000e-002
  6.4000000e-002
  6.4000000e-002
  6.9000000e-002
  7.6000000e-002
  6.7000000e-002
  6.5000000e-002
  6.6000000e-002
  6.5000000e-002
  6.9000000e-002
  6.5000000e-002
  5.9000000e-002
  5.6000000e-002
  8.0000000e-002
  1.0600000e-001
  1.4600000e-001
  1.9900000e-001
  1.7800000e-001
  1.4600000e-001
  1.2000000e-001
  1.0300000e-001
  7.9000000e-002
  6.6000000e-002
  5.4000000e-002
  4.4000000e-002
  3.6000000e-002
  2.8000000e-002
  2.3000000e-002
  2.0000000e-002
  1.7000000e-002
  1.6000000e-002
  1.4000000e-002
  1.2000000e-002
  9.0000000e-003
  8.0000000e-003
  6.0000000e-003
  5.0000000e-003
  3.0000000e-003
  2.0000000e-003
  2.0000000e-003
  1.0000000e-003
  1.0000000e-003
  0.0000000e+000
  0.0000000e+000
  0.0000000e+000
  0.0000000e+000
  0.0000000e+000
  0.0000000e+000
  0.0000000e+000
  0.0000000e+000
  0.0000000e+000
  0.0000000e+000
  0.0000000e+000
  0.0000000e+000
  0.0000000e+000
  0.0000000e+000
  0.0000000e+000
  0.0000000e+000
  0.0000000e+000
  0.0000000e+000
  0.0000000e+000
  0.0000000e+000
  0.0000000e+000
  0.0000000e+000
  0.0000000e+000
  0.0000000e+000
  0.0000000e+000
  0.0000000e+000
  0.0000000e+000
  0.0000000e+000
  0.0000000e+000
  0.0000000e+000
  0.0000000e+000
  0.0000000e+000
  0.0000000e+000
  0.0000000e+000
  0.0000000e+000
  0.0000000e+000
  0.0000000e+000
  0.0000000e+000
  0.0000000e+000
  0.0000000e+000
  0.0000000e+000
  0.0000000e+000
  0.0000000e+000
  0.0000000e+000
  0.0000000e+000
  0.0000000e+000
  0.0000000e+000
  0.0000000e+000
  0.0000000e+000
  0.0000000e+000
  0.0000000e+000
  0.0000000e+000
  0.0000000e+000
  0.0000000e+000
  0.0000000e+000
  0.0000000e+000
  0.0000000e+000
  0.0000000e+000
  0.0000000e+000
  0.0000000e+000
  0.0000000e+000
  0.0000000e+000
  0.0000000e+000
  0.0000000e+000
  0.0000000e+000
  0.0000000e+000
  0.0000000e+000
  0.0000000e+000
  0.0000000e+000
  0.0000000e+000
  0.0000000e+000
  0.0000000e+000
  0.0000000e+000
  0.0000000e+000
  0.0000000e+000
  0.0000000e+000
  0.0000000e+000
  0.0000000e+000
  0.0000000e+000
  0.0000000e+000
  0.0000000e+000
  0.0000000e+000
  0.0000000e+000
  0.0000000e+000
  0.0000000e+000
  0.0000000e+000
  0.0000000e+000
  0.0000000e+000
  0.0000000e+000
  0.0000000e+000
  0.0000000e+000
  0.0000000e+000
  0.0000000e+000
  0.0000000e+000
  0.0000000e+000
  0.0000000e+000
  0.0000000e+000
  0.0000000e+000
  0.0000000e+000
  0.0000000e+000
  0.0000000e+000
  0.0000000e+000
  0.0000000e+000
  0.0000000e+000
  0.0000000e+000
  0.0000000e+000
  0.0000000e+000
  0.0000000e+000
  0.0000000e+000
  0.0000000e+000
  0.0000000e+000
  0.0000000e+000
  0.0000000e+000
  1.1574000e+002
  1.1574000e+002
  1.1574000e+002
  1.1574000e+002
  1.1574000e+002
  1.1574000e+002
  1.1574000e+002
  1.1574000e+002
  1.1574000e+002
  1.1574000e+002
  1.1574000e+002
  1.1574000e+002
  1.1574000e+002
  1.1574000e+002
  1.1574000e+002
  1.1574000e+002
  1.1574000e+002
  1.1574000e+002
  1.1574000e+002
  1.1574000e+002
  1.1574000e+002
  1.1574000e+002
  1.1574000e+002
  1.1574000e+002
  1.1574000e+002
  1.1574000e+002
  1.1574000e+002
  1.1574000e+002
  1.1574000e+002
  1.1574000e+002
  1.1574000e+002
  1.1574000e+002
  1.1574000e+002
  1.1574000e+002
  1.1574000e+002
  1.1574000e+002
  1.1574000e+002
  1.1574000e+002
  1.1574000e+002
  1.1574000e+002
  1.1574000e+002
  1.1574000e+002
  1.1574000e+002
  1.1574000e+002
  1.1574000e+002
  1.1574000e+002
  1.1574000e+002
  1.1574000e+002
  1.1574000e+002
  1.1574000e+002
  1.1574000e+002
  1.1574000e+002
  1.1574000e+002
  1.1574000e+002
  1.1574000e+002
  1.1574000e+002
  1.1574000e+002
  1.1574000e+002
  1.1574000e+002
  1.1574000e+002
  1.1574000e+002
  1.1574000e+002
  1.1574000e+002
  1.1574000e+002
  1.1574000e+002
  1.1574000e+002
  1.1574000e+002
  1.1574000e+002
  1.1574000e+002
  1.1574000e+002
  1.1574000e+002
  1.1574000e+002
  1.1574000e+002
  1.1574000e+002
  1.1574000e+002
  1.1574000e+002
  1.1574000e+002
  1.1574000e+002
  1.1574000e+002
  1.1574000e+002
  1.1574000e+002
  1.1574000e+002
  1.1574000e+002
  1.1574000e+002
  1.1574000e+002
  1.1574000e+002
  1.1574000e+002
  1.1574000e+002
  1.1574000e+002
  1.1574000e+002
  1.1574000e+002
  1.1574000e+002
  1.1574000e+002
  1.1574000e+002
  1.1574000e+002
  1.1574000e+002
  1.1574000e+002
  1.1574000e+002
  1.1574000e+002
  1.1574000e+002
  1.1574000e+002
  1.1574000e+002
  1.1574000e+002
  1.1574000e+002
  1.1574000e+002
  1.1574000e+002
  1.1574000e+002
  1.1574000e+002
  1.1574000e+002
  1.1574000e+002
  1.1574000e+002
  1.1574000e+002
  1.1574000e+002
  1.1574000e+002
  1.1574000e+002
  1.1574000e+002
  1.1574000e+002
  1.1574000e+002
  1.1574000e+002
  1.1574000e+002
  1.1574000e+002
  1.1574000e+002
  1.1574000e+002
  1.1574000e+002
  1.1574000e+002
  1.1574000e+002
  1.1574000e+002
  1.1574000e+002
  1.1574000e+002
  1.1574000e+002
  1.1574000e+002
  1.1574000e+002
  1.1574000e+002
  1.1574000e+002
  1.1574000e+002
  1.1574000e+002
  1.1574000e+002
  1.1574000e+002
  1.1574000e+002
  1.1574000e+002
  1.1574000e+002
  1.1574000e+002
  1.1574000e+002
  1.1574000e+002
  1.1574000e+002
  1.1574000e+002
  1.1574000e+002
  1.1574000e+002
  1.1574000e+002
  1.1574000e+002
  1.1574000e+002
  1.1574000e+002
  1.1574000e+002
  1.1574000e+002
  1.1574000e+002
  1.1574000e+002
  1.1574000e+002
  1.1574000e+002
  1.1574000e+002
  1.2820000e+000
  1.3280000e+000
  4.4910000e+000
  6.9830000e+000
  5.7740000e+000
  3.6190000e+000
  2.4910000e+000
  1.8760000e+000
  1.5030000e+000
  1.2580000e+000
  1.0810000e+000
  9.3400000e-001
  8.1700000e-001
  7.2700000e-001
  6.5600000e-001
  5.9100000e-001
  5.3800000e-001
  4.9800000e-001
  4.7300000e-001
  5.1400000e-001
  6.1500000e-001
  5.3200000e-001
  4.7200000e-001
  4.9300000e-001
  5.2300000e-001
  5.1700000e-001
  5.4700000e-001
  6.7400000e-001
  6.2700000e-001
  5.2300000e-001
  4.4000000e-001
  3.8100000e-001
  3.3900000e-001
  2.9600000e-001
  2.5800000e-001
  2.2700000e-001
  2.0000000e-001
  1.7700000e-001
  1.6000000e-001
  1.4400000e-001
  1.3000000e-001
  1.2000000e-001
  1.1100000e-001
  1.0300000e-001
  9.6000000e-002
  8.7000000e-002
  7.9000000e-002
  7.6000000e-002
  9.8000000e-002
  9.1000000e-002
  1.0400000e-001
  1.3100000e-001
  1.1900000e-001
  1.0500000e-001
  1.0600000e-001
  1.0800000e-001
  1.2700000e-001
  4.1700000e-001
  8.4300000e-001
  7.0400000e-001
  4.7900000e-001
  3.3900000e-001
  2.5000000e-001
  1.9000000e-001
  1.5500000e-001
  2.2500000e-001
  3.8700000e-001
  4.8400000e-001
  4.1400000e-001
  3.1000000e-001
  2.3000000e-001
  1.7800000e-001
  1.4700000e-001
  1.2300000e-001
  1.0500000e-001
  9.0000000e-002
  7.6000000e-002
  6.6000000e-002
  5.8000000e-002
  4.9000000e-002
  4.3000000e-002
  3.6000000e-002
  3.0000000e-002
  2.5000000e-002
  2.1000000e-002
  1.7000000e-002
  1.5000000e-002
  1.3000000e-002
  1.2000000e-002
  1.0000000e-002
  8.0000000e-003
  7.0000000e-003
  6.0000000e-003
  6.0000000e-003
  5.0000000e-003
  3.0000000e-003
  3.0000000e-003
  2.0000000e-003
  2.0000000e-003
  1.0000000e-003
  1.0000000e-003
  0.0000000e+000
  0.0000000e+000
  0.0000000e+000
  0.0000000e+000
  0.0000000e+000
  0.0000000e+000
  0.0000000e+000
  0.0000000e+000
  0.0000000e+000
  0.0000000e+000
  0.0000000e+000
  0.0000000e+000
  0.0000000e+000
  0.0000000e+000
  0.0000000e+000
  0.0000000e+000
  0.0000000e+000
  0.0000000e+000
  0.0000000e+000
  0.0000000e+000
  0.0000000e+000
  0.0000000e+000
  0.0000000e+000
  0.0000000e+000
  0.0000000e+000
  0.0000000e+000
  0.0000000e+000
  0.0000000e+000
  0.0000000e+000
  0.0000000e+000
  0.0000000e+000
  0.0000000e+000
  0.0000000e+000
  0.0000000e+000
  0.0000000e+000
  0.0000000e+000
  0.0000000e+000
  0.0000000e+000
  0.0000000e+000
  0.0000000e+000
  0.0000000e+000
  0.0000000e+000
  0.0000000e+000
  0.0000000e+000
  0.0000000e+000
  0.0000000e+000
  0.0000000e+000
  0.0000000e+000
  0.0000000e+000
  0.0000000e+000
  0.0000000e+000
  0.0000000e+000
  0.0000000e+000
  0.0000000e+000
  0.0000000e+000
  0.0000000e+000
  0.0000000e+000
  0.0000000e+000
  0.0000000e+000
  0.0000000e+000
  0.0000000e+000
  0.0000000e+000
  0.0000000e+000
  0.0000000e+000
  0.0000000e+000
  0.0000000e+000
  0.0000000e+000
  0.0000000e+000
  0.0000000e+000
  0.0000000e+000
  0.0000000e+000
  0.0000000e+000
  0.0000000e+000
  0.0000000e+000
  0.0000000e+000
  0.0000000e+000
  0.0000000e+000
  0.0000000e+000
  0.0000000e+000
  0.0000000e+000
  0.0000000e+000
  0.0000000e+000
  0.0000000e+000
  0.0000000e+000
  0.0000000e+000
  0.0000000e+000
  0.0000000e+000
  0.0000000e+000
  0.0000000e+000
  0.0000000e+000
  0.0000000e+000
  0.0000000e+000
  0.0000000e+000
  0.0000000e+000
  0.0000000e+000
  0.0000000e+000
  0.0000000e+000
  0.0000000e+000
  0.0000000e+000
  0.0000000e+000
  0.0000000e+000
  0.0000000e+000
  0.0000000e+000
  0.0000000e+000
  0.0000000e+000
  0.0000000e+000
  0.0000000e+000
  0.0000000e+000
  0.0000000e+000
  0.0000000e+000
  0.0000000e+000
  0.0000000e+000
  0.0000000e+000
  0.0000000e+000
  0.0000000e+000
  0.0000000e+000
  0.0000000e+000
  0.0000000e+000
  0.0000000e+000
  0.0000000e+000
  0.0000000e+000
  0.0000000e+000
  0.0000000e+000
  0.0000000e+000
  0.0000000e+000
  0.0000000e+000
  0.0000000e+000
  0.0000000e+000
  0.0000000e+000
  0.0000000e+000
  0.0000000e+000
  0.0000000e+000
  0.0000000e+000
  0.0000000e+000
  0.0000000e+000
  0.0000000e+000
  0.0000000e+000
  0.0000000e+000
  0.0000000e+000
  0.0000000e+000
  0.0000000e+000
  0.0000000e+000
  0.0000000e+000
  0.0000000e+000
  0.0000000e+000
  0.0000000e+000
  0.0000000e+000
  0.0000000e+000
  0.0000000e+000
  0.0000000e+000
  0.0000000e+000
  0.0000000e+000
  0.0000000e+000
  0.0000000e+000
  0.0000000e+000
  0.0000000e+000
  0.0000000e+000
  0.0000000e+000
  0.0000000e+000
  0.0000000e+000
  0.0000000e+000
  0.0000000e+000
  0.0000000e+000
  0.0000000e+000
  0.0000000e+000
  0.0000000e+000
  0.0000000e+000
  0.0000000e+000
  0.0000000e+000
  0.0000000e+000
  0.0000000e+000
  0.0000000e+000
  0.0000000e+000
  0.0000000e+000
  0.0000000e+000
  0.0000000e+000
  0.0000000e+000
  0.0000000e+000
  0.0000000e+000
  0.0000000e+000
  0.0000000e+000
  0.0000000e+000
  0.0000000e+000
  0.0000000e+000
  0.0000000e+000
  0.0000000e+000
  5.0000000e-003
  3.0000000e-003
  3.0000000e-003
  3.5000000e-002
  1.2300000e-001
  4.2600000e-001
  2.3600000e-001
  1.4900000e-001
  9.1000000e-002
  6.2000000e-002
  4.6000000e-002
  3.4000000e-002
  2.7000000e-002
  2.2000000e-002
  2.2000000e-002
  2.5000000e-002
  2.9000000e-002
  4.2900000e-001
  7.3700000e-001
  5.0800000e-001
  3.2300000e-001
  2.2900000e-001
  2.1500000e-001
  3.4500000e-001
  5.2700000e-001
  3.4700000e-001
  2.4400000e-001
  1.8900000e-001
  1.6000000e-001
  1.3700000e-001
  1.5700000e-001
  5.6200000e-001
  7.5800000e-001
  5.0800000e-001
  3.4500000e-001
  2.9600000e-001
  4.3400000e-001
  6.8900000e-001
  1.1010000e+000
  1.3840000e+000
  1.1720000e+000
  9.4800000e-001
  7.3800000e-001
  6.0200000e-001
  5.8900000e-001
  6.2400000e-001
  5.5300000e-001
  4.7500000e-001
  4.0700000e-001
  3.5800000e-001
  3.1000000e-001
  2.7300000e-001
  2.4700000e-001
  5.9800000e-001
  1.8220000e+000
  2.2450000e+000
  1.7820000e+000
  1.3900000e+000
  1.2220000e+000
  1.5980000e+000
  2.5540000e+000
  3.0590000e+000
  3.6840000e+000
  2.9570000e+000
  2.3210000e+000
  1.7930000e+000
  1.5420000e+000
  1.3820000e+000
  1.1980000e+000
  9.9000000e-001
  8.2300000e-001
  7.0100000e-001
  6.0600000e-001
  5.3100000e-001
  4.8000000e-001
  4.3600000e-001
  4.1600000e-001
  3.8500000e-001
  3.4700000e-001
  3.1700000e-001
  2.9700000e-001
  2.7800000e-001
  2.6900000e-001
  3.2900000e-001
  4.4700000e-001
  5.2300000e-001
  4.4200000e-001
  5.0800000e-001
  7.9600000e-001
  7.4100000e-001
  5.7900000e-001
  4.6800000e-001
  3.8400000e-001
  3.2500000e-001
  2.8900000e-001
  2.6200000e-001
  2.4300000e-001
  2.2800000e-001
  2.1200000e-001
  1.9300000e-001
  1.8200000e-001
  1.6900000e-001
  1.5500000e-001
  1.4800000e-001
  1.3900000e-001
  1.2500000e-001
  1.1200000e-001
  1.0200000e-001
  1.0300000e-001
  1.0200000e-001
  9.0000000e-002
  8.8000000e-002
  8.7000000e-002
  8.0000000e-002
  7.3000000e-002
  6.7000000e-002
  6.1000000e-002
  5.6000000e-002
  4.9000000e-002
  4.4000000e-002
  3.9000000e-002
  3.6000000e-002
  3.2000000e-002
  3.6000000e-002
  4.2000000e-002
  3.8000000e-002
  3.1000000e-002
  2.8000000e-002
  2.9000000e-002
  3.4000000e-002
  3.9000000e-002
  3.4000000e-002
  2.4000000e-002
  2.0000000e-002
  2.2000000e-002
  3.6000000e-002
  4.3000000e-002
  3.5000000e-002
  2.7000000e-002
  2.4000000e-002
  2.9000000e-002
  2.5000000e-002
  2.1000000e-002
  1.6000000e-002
  1.3000000e-002
  1.0000000e-002
  8.0000000e-003
  7.0000000e-003
  6.0000000e-003
  6.0000000e-003
  5.0000000e-003
  3.0000000e-003
  2.0000000e-003
  2.0000000e-003
  1.0000000e-003
  1.0000000e-003
  0.0000000e+000
  0.0000000e+000
  0.0000000e+000
  0.0000000e+000
  0.0000000e+000
  0.0000000e+000
  0.0000000e+000
  0.0000000e+000
  0.0000000e+000
  0.0000000e+000
  0.0000000e+000
  0.0000000e+000
  0.0000000e+000
  0.0000000e+000
  0.0000000e+000
  0.0000000e+000
  0.0000000e+000
  0.0000000e+000
  0.0000000e+000
  0.0000000e+000
  0.0000000e+000
  0.0000000e+000
  0.0000000e+000
  0.0000000e+000
  0.0000000e+000
  0.0000000e+000
  0.0000000e+000
  0.0000000e+000
  0.0000000e+000
  0.0000000e+000
  0.0000000e+000
  0.0000000e+000
  0.0000000e+000
  0.0000000e+000
  0.0000000e+000
  0.0000000e+000
  0.0000000e+000
  0.0000000e+000
  0.0000000e+000
  0.0000000e+000
  0.0000000e+000
  0.0000000e+000
  0.0000000e+000
  0.0000000e+000
  0.0000000e+000
  0.0000000e+000
  0.0000000e+000
  0.0000000e+000
  0.0000000e+000
  0.0000000e+000
  0.0000000e+000
  0.0000000e+000
  0.0000000e+000
  0.0000000e+000
  0.0000000e+000
  0.0000000e+000
  0.0000000e+000
  0.0000000e+000
  0.0000000e+000
  0.0000000e+000
  0.0000000e+000
  0.0000000e+000
  0.0000000e+000
  0.0000000e+000
  0.0000000e+000
  0.0000000e+000
  0.0000000e+000
  0.0000000e+000
  0.0000000e+000
  0.0000000e+000
  0.0000000e+000
  0.0000000e+000
  0.0000000e+000
  0.0000000e+000
  0.0000000e+000
  0.0000000e+000
  0.0000000e+000
  0.0000000e+000
  0.0000000e+000
  0.0000000e+000
  0.0000000e+000
  0.0000000e+000
  0.0000000e+000
  0.0000000e+000
  0.0000000e+000
  0.0000000e+000
  0.0000000e+000
  0.0000000e+000
  0.0000000e+000
  0.0000000e+000
  0.0000000e+000
  0.0000000e+000
  0.0000000e+000
  0.0000000e+000
  0.0000000e+000
  0.0000000e+000
  0.0000000e+000
  0.0000000e+000
  0.0000000e+000
  0.0000000e+000
  0.0000000e+000
  0.0000000e+000
  0.0000000e+000
  0.0000000e+000
  0.0000000e+000
  0.0000000e+000
  0.0000000e+000
  0.0000000e+000
  0.0000000e+000
  0.0000000e+000
  0.0000000e+000
  0.0000000e+000
  0.0000000e+000
  0.0000000e+000
  0.0000000e+000
  0.0000000e+000
  0.0000000e+000
  0.0000000e+000
  0.0000000e+000
  0.0000000e+000
  0.0000000e+000
  0.0000000e+000
  0.0000000e+000
  0.0000000e+000
  0.0000000e+000
  0.0000000e+000
  0.0000000e+000
  0.0000000e+000
  0.0000000e+000
  0.0000000e+000
  0.0000000e+000
  0.0000000e+000
  0.0000000e+000
  0.0000000e+000
  0.0000000e+000
  0.0000000e+000
  0.0000000e+000
  0.0000000e+000
  0.0000000e+000
  0.0000000e+000
  0.0000000e+000
  0.0000000e+000
  0.0000000e+000
  0.0000000e+000
  0.0000000e+000
  0.0000000e+000
  0.0000000e+000
  0.0000000e+000
  0.0000000e+000
  0.0000000e+000
  0.0000000e+000
  0.0000000e+000
  0.0000000e+000
  0.0000000e+000
  0.0000000e+000
  0.0000000e+000
  0.0000000e+000
  0.0000000e+000
  0.0000000e+000
  0.0000000e+000
  0.0000000e+000
  0.0000000e+000
  0.0000000e+000
  0.0000000e+000
  0.0000000e+000
  0.0000000e+000
  0.0000000e+000
  0.0000000e+000
  0.0000000e+000
  0.0000000e+000
  0.0000000e+000
  0.0000000e+000
  0.0000000e+000
  0.0000000e+000
  0.0000000e+000
  0.0000000e+000
  0.0000000e+000
  0.0000000e+000
  0.0000000e+000
  0.0000000e+000
  0.0000000e+000
  0.0000000e+000
  0.0000000e+000
  0.0000000e+000
  0.0000000e+000
  0.0000000e+000
  0.0000000e+000
  0.0000000e+000
  0.0000000e+000
  0.0000000e+000
  0.0000000e+000
  0.0000000e+000
  0.0000000e+000
  0.0000000e+000
  0.0000000e+000
  0.0000000e+000
  0.0000000e+000
  0.0000000e+000
  0.0000000e+000
  0.0000000e+000
  0.0000000e+000
  0.0000000e+000
  0.0000000e+000
  0.0000000e+000
  0.0000000e+000
  0.0000000e+000
  0.0000000e+000
  6.0000000e-002
  1.3100000e-001
  2.3700000e-001
  4.5400000e-001
  1.2640000e+000
  1.0620000e+000
  6.3400000e-001
  4.2400000e-001
  5.2800000e-001
  6.2500000e-001
  5.5600000e-001
  4.0700000e-001
  3.1600000e-001
  2.5800000e-001
  2.1900000e-001
  1.8500000e-001
  1.5900000e-001
  1.3800000e-001
  1.3700000e-001
  2.2500000e-001
  7.9700000e-001
  1.1240000e+000
  9.5800000e-001
  7.5500000e-001
  5.9400000e-001
  4.9100000e-001
  4.2000000e-001
  4.5100000e-001
  5.0500000e-001
  5.0900000e-001
  5.4600000e-001
  4.9200000e-001
  4.0500000e-001
  3.4100000e-001
  2.9500000e-001
  2.7200000e-001
  4.7200000e-001
  1.3650000e+000
  1.8450000e+000
  1.6220000e+000
  1.2850000e+000
  9.9000000e-001
  7.6500000e-001
  6.9800000e-001
  7.6200000e-001
  8.7800000e-001
  9.2500000e-001
  7.9300000e-001
  7.2800000e-001
  7.3500000e-001
  6.5200000e-001
  6.3800000e-001
  7.5100000e-001
  7.1400000e-001
  7.2100000e-001
  9.7900000e-001
  1.1320000e+000
  1.1470000e+000
  1.1570000e+000
  1.4350000e+000
  1.5570000e+000
  1.6380000e+000
  1.8020000e+000
  1.5670000e+000
  1.3740000e+000
  1.5520000e+000
  1.3700000e+000
  1.1470000e+000
  1.0100000e+000
  8.9400000e-001
  7.8900000e-001
  7.1800000e-001
  6.6600000e-001
  6.2800000e-001
  5.6000000e-001
  5.0100000e-001
  4.4700000e-001
  4.1000000e-001
  3.8200000e-001
  3.5400000e-001
  3.3400000e-001
  3.0900000e-001
  3.5200000e-001
  6.4200000e-001
  8.2200000e-001
  6.6200000e-001
  5.8000000e-001
  5.6000000e-001
  5.5000000e-001
  5.0700000e-001
  4.5100000e-001
  3.9200000e-001
  3.4000000e-001
  3.0600000e-001
  2.7500000e-001
  2.5100000e-001
  2.3300000e-001
  2.2100000e-001
  1.9900000e-001
  1.9200000e-001
  1.8200000e-001
  1.6900000e-001
  1.5900000e-001
  1.5200000e-001
  1.4100000e-001
  1.3100000e-001
  1.2400000e-001
  1.1700000e-001
  1.0900000e-001
  1.0400000e-001
  1.5900000e-001
  3.5000000e-001
  4.4700000e-001
  3.6500000e-001
  3.3300000e-001
  3.6500000e-001
  3.9700000e-001
  3.2800000e-001
  2.6400000e-001
  2.1500000e-001
  1.8200000e-001
  1.5500000e-001
  1.3400000e-001
  1.1800000e-001
  1.0400000e-001
  9.4000000e-002
  8.4000000e-002
  7.5000000e-002
  6.7000000e-002
  6.1000000e-002
  5.6000000e-002
  5.1000000e-002
  5.1000000e-002
  5.0000000e-002
  4.3000000e-002
  3.8000000e-002
  3.5000000e-002
  4.6000000e-002
  5.1000000e-002
  4.3000000e-002
  4.1000000e-002
  4.5000000e-002
  5.1000000e-002
  4.6000000e-002
  4.1000000e-002
  3.6000000e-002
  3.1000000e-002
  2.5000000e-002
  2.1000000e-002
  1.7000000e-002
  1.3000000e-002
  1.0000000e-002
  9.0000000e-003
  7.0000000e-003
  5.0000000e-003
  3.0000000e-003
  2.0000000e-003
  1.0000000e-003
  1.0000000e-003
  2.0000000e-003
  1.0000000e-003
  1.0000000e-003
  1.0000000e-003
  1.0000000e-003
  0.0000000e+000
  0.0000000e+000
  0.0000000e+000
  0.0000000e+000
  0.0000000e+000
  0.0000000e+000
  0.0000000e+000
  0.0000000e+000
  0.0000000e+000
  0.0000000e+000
  0.0000000e+000
  0.0000000e+000
  0.0000000e+000
  0.0000000e+000
  0.0000000e+000
  0.0000000e+000
  0.0000000e+000
  0.0000000e+000
  0.0000000e+000
  0.0000000e+000
  0.0000000e+000
  0.0000000e+000
  0.0000000e+000
  0.0000000e+000
  0.0000000e+000
  0.0000000e+000
  0.0000000e+000
  0.0000000e+000
  0.0000000e+000
  0.0000000e+000
  0.0000000e+000
  0.0000000e+000
  0.0000000e+000
  0.0000000e+000
  0.0000000e+000
  0.0000000e+000
  0.0000000e+000
  0.0000000e+000
  0.0000000e+000
  0.0000000e+000
  0.0000000e+000
  0.0000000e+000
  0.0000000e+000
  0.0000000e+000
  0.0000000e+000
  0.0000000e+000
  0.0000000e+000
  0.0000000e+000
  0.0000000e+000
  0.0000000e+000
  0.0000000e+000
  0.0000000e+000
  0.0000000e+000
  0.0000000e+000
  0.0000000e+000
  0.0000000e+000
  0.0000000e+000
  0.0000000e+000
  0.0000000e+000
  0.0000000e+000
  0.0000000e+000
  0.0000000e+000
  0.0000000e+000
  0.0000000e+000
  0.0000000e+000
  0.0000000e+000
  0.0000000e+000
  0.0000000e+000
  0.0000000e+000
  0.0000000e+000
  0.0000000e+000
  0.0000000e+000
  0.0000000e+000
  0.0000000e+000
  0.0000000e+000
  0.0000000e+000
  0.0000000e+000
  0.0000000e+000
  0.0000000e+000
  0.0000000e+000
  0.0000000e+000
  0.0000000e+000
  0.0000000e+000
  0.0000000e+000
  0.0000000e+000
  0.0000000e+000
  0.0000000e+000
  0.0000000e+000
  0.0000000e+000
  0.0000000e+000
  0.0000000e+000
  0.0000000e+000
  0.0000000e+000
  0.0000000e+000
  0.0000000e+000
  0.0000000e+000
  0.0000000e+000
  0.0000000e+000
  0.0000000e+000
  0.0000000e+000
  0.0000000e+000
  0.0000000e+000
  0.0000000e+000
  0.0000000e+000
  0.0000000e+000
  0.0000000e+000
  0.0000000e+000
  0.0000000e+000
  0.0000000e+000
  0.0000000e+000
  0.0000000e+000
  0.0000000e+000
  0.0000000e+000
  0.0000000e+000
  0.0000000e+000
  0.0000000e+000
  0.0000000e+000
  0.0000000e+000
  0.0000000e+000
  0.0000000e+000
  0.0000000e+000
  0.0000000e+000
  0.0000000e+000
  0.0000000e+000
  0.0000000e+000
  0.0000000e+000
  0.0000000e+000
  0.0000000e+000
  0.0000000e+000
  0.0000000e+000
  0.0000000e+000
  0.0000000e+000
  0.0000000e+000
  0.0000000e+000
  0.0000000e+000
  0.0000000e+000
  0.0000000e+000
  0.0000000e+000
  0.0000000e+000
  0.0000000e+000
  0.0000000e+000
  0.0000000e+000
  0.0000000e+000
  0.0000000e+000
  0.0000000e+000
  0.0000000e+000
  0.0000000e+000
  0.0000000e+000
  0.0000000e+000
  0.0000000e+000
  0.0000000e+000
  0.0000000e+000
  0.0000000e+000
  0.0000000e+000
  0.0000000e+000
  0.0000000e+000
  0.0000000e+000
  0.0000000e+000
  0.0000000e+000
  0.0000000e+000
  0.0000000e+000
  0.0000000e+000
  0.0000000e+000
  0.0000000e+000
  0.0000000e+000
  0.0000000e+000
  0.0000000e+000
  0.0000000e+000
  0.0000000e+000
  0.0000000e+000
  0.0000000e+000
  0.0000000e+000
  0.0000000e+000
  0.0000000e+000
  0.0000000e+000
  0.0000000e+000
  0.0000000e+000
  0.0000000e+000
  0.0000000e+000
  0.0000000e+000
  0.0000000e+000
  0.0000000e+000
  0.0000000e+000
  0.0000000e+000
  0.0000000e+000
  0.0000000e+000
  0.0000000e+000
  0.0000000e+000
  0.0000000e+000
  0.0000000e+000
  0.0000000e+000
  0.0000000e+000
  0.0000000e+000
  0.0000000e+000
  0.0000000e+000
  4.5000000e-002
  4.2000000e-002
  2.2000000e-002
  1.4000000e-002
  1.3000000e-002
  8.0000000e-003
  7.0000000e-003
  7.0000000e-003
  6.0000000e-003
  5.0000000e-003
  6.0000000e-003
  2.0000000e-002
  1.7000000e-002
  1.6000000e-002
  1.4000000e-002
  6.2000000e-002
  6.6000000e-002
  4.5000000e-002
  3.4000000e-002
  7.1000000e-002
  1.9100000e-001
  1.6100000e-001
  1.2500000e-001
  8.4000000e-002
  6.6000000e-002
  5.8000000e-002
  5.4000000e-002
  5.1000000e-002
  5.1000000e-002
  4.6000000e-002
  3.8000000e-002
  3.4000000e-002
  2.9000000e-002
  2.7000000e-002
  2.8000000e-002
  4.5000000e-002
  4.9000000e-002
  4.1000000e-002
  3.9000000e-002
  4.1000000e-002
  7.8000000e-001
  6.5510000e+000
  5.2670000e+000
  5.3890000e+000
  3.4840000e+000
  2.5230000e+000
  1.8360000e+000
  1.3580000e+000
  1.0560000e+000
  8.3300000e-001
  6.9100000e-001
  5.8400000e-001
  5.0600000e-001
  4.3900000e-001
  3.9200000e-001
  5.8700000e-001
  1.0030000e+000
  8.5100000e-001
  6.4500000e-001
  5.1700000e-001
  4.2800000e-001
  3.7300000e-001
  3.3100000e-001
  3.2200000e-001
  3.5600000e-001
  4.5800000e-001
  4.1100000e-001
  3.8700000e-001
  7.7100000e-001
  1.1820000e+000
  1.0450000e+000
  8.3100000e-001
  7.0300000e-001
  5.8100000e-001
  4.8800000e-001
  4.1400000e-001
  3.6500000e-001
  3.2400000e-001
  2.8900000e-001
  2.6300000e-001
  2.4000000e-001
  2.1800000e-001
  1.9900000e-001
  1.8400000e-001
  1.7000000e-001
  1.5600000e-001
  1.4200000e-001
  1.3100000e-001
  1.2300000e-001
  1.1200000e-001
  1.0300000e-001
  9.5000000e-002
  1.0900000e-001
  1.1500000e-001
  1.0800000e-001
  1.1700000e-001
  1.2200000e-001
  2.1500000e-001
  3.4400000e-001
  3.4800000e-001
  4.0700000e-001
  5.1200000e-001
  4.2100000e-001
  3.2800000e-001
  2.6200000e-001
  2.1500000e-001
  1.8400000e-001
  1.6900000e-001
  1.5500000e-001
  1.4200000e-001
  1.3800000e-001
  1.2300000e-001
  1.1000000e-001
  1.0000000e-001
  8.7000000e-002
  7.9000000e-002
  7.4000000e-002
  7.5000000e-002
  7.5000000e-002
  7.1000000e-002
  6.5000000e-002
  6.1000000e-002
  5.9000000e-002
  5.6000000e-002
  5.1000000e-002
  4.6000000e-002
  4.1000000e-002
  3.7000000e-002
  3.4000000e-002
  3.0000000e-002
  2.7000000e-002
  2.4000000e-002
  2.2000000e-002
  2.0000000e-002
  2.0000000e-002
  2.4000000e-002
  2.7000000e-002
  2.3000000e-002
  1.9000000e-002
  1.6000000e-002
  1.4000000e-002
  1.3000000e-002
  1.0000000e-002
  8.0000000e-003
  7.0000000e-003
  5.0000000e-003
  5.0000000e-003
  3.0000000e-003
  2.0000000e-003
  2.0000000e-003
  2.0000000e-003
  2.0000000e-003
  2.0000000e-003
  2.0000000e-003
  1.0000000e-003
  1.0000000e-003
  1.0000000e-003
  1.0000000e-003
  1.0000000e-003
  1.0000000e-003
  0.0000000e+000
  0.0000000e+000
  0.0000000e+000
  0.0000000e+000
  2.0000000e-003
  3.0000000e-003
  3.0000000e-003
  2.0000000e-003
  1.0000000e-003
  0.0000000e+000
  0.0000000e+000
  0.0000000e+000
  0.0000000e+000
  0.0000000e+000
  0.0000000e+000
  0.0000000e+000
  0.0000000e+000
  0.0000000e+000
  0.0000000e+000
  0.0000000e+000
  0.0000000e+000
  0.0000000e+000
  0.0000000e+000
  0.0000000e+000
  0.0000000e+000
  0.0000000e+000
  0.0000000e+000
  0.0000000e+000
  0.0000000e+000
  0.0000000e+000
  0.0000000e+000
  0.0000000e+000
  0.0000000e+000
  0.0000000e+000
  0.0000000e+000
  0.0000000e+000
