  1.6710533e+000
  1.1825933e+000
  1.4071277e+000
  1.2532720e+000
  1.3759050e+000
  1.0329122e+000
  4.4571361e-001
 -3.4484263e-001
 -3.5723593e-001
 -1.0934703e+000
 -1.2283422e+000
 -9.6674160e-001
 -2.8990976e-001
  4.7261215e-001
  8.9644653e-001
  1.2912002e+000
  1.0673813e+000
 -7.4116818e-002
 -1.2905199e+000
 -7.9243364e-001
 -1.5007043e-001
  1.1640135e+000
  1.2389242e+000
 -7.4643009e-001
 -1.5546536e+000
 -5.5297613e-001
  9.8513789e-001
  9.7869762e-001
 -1.0047262e+000
 -1.2583489e+000
  4.5035268e-001
  1.2984696e+000
 -8.3684913e-001
 -6.3611207e-001
  1.0907210e+000
  5.1434718e-001
 -1.0651409e+000
  2.6354120e-001
  9.8777017e-001
 -9.4096646e-001
  3.7178297e-002
  9.6538286e-001
 -9.1468604e-001
 -1.0279266e-001
  1.3360059e+000
 -1.2764676e+000
  8.5893000e-001
  2.6520398e-001
 -1.1672517e+000
  1.1615472e+000
 -1.2814251e+000
  6.9108407e-001
  1.4126909e-002
 -6.3339534e-001
  8.7941938e-001
 -1.1288924e+000
  1.2876675e+000
 -1.0201890e+000
  1.4567689e+000
 -9.9365389e-001
  1.0266217e+000
 -6.5759982e-001
  1.1984583e+000
 -8.7463350e-001
  1.3267379e+000
 -1.0550581e+000
  1.2127578e+000
 -1.4530891e+000
  1.2122368e+000
 -1.0335403e+000
  8.7075956e-001
 -2.1712847e-001
 -2.8478909e-001
  1.1786352e+000
 -1.3994083e+000
  1.2293167e+000
 -2.2452509e-001
 -6.9829940e-001
  1.4659506e+000
 -9.7504825e-001
  2.7680088e-001
  1.3997034e+000
 -1.2152047e+000
  5.0157620e-001
  8.9422704e-001
 -8.0833583e-001
 -3.4279772e-001
  1.1883548e+000
 -2.5981423e-001
 -8.9726833e-001
  7.3906393e-001
  5.2977871e-001
 -8.1173366e-001
 -9.1998970e-001
  9.7855883e-001
  1.0173543e+000
 -9.9653174e-001
 -1.1506619e+000
  1.1896784e-001
  1.6970953e+000
  5.3041898e-001
 -1.0231006e+000
 -1.1951385e+000
 -2.0059205e-001
  1.0685344e+000
  1.1037223e+000
  4.6431349e-001
 -5.4366428e-001
 -1.2772988e+000
 -9.6216290e-001
 -4.5083370e-001
  5.4929740e-001
  1.4096122e+000
  1.4841402e+000
  1.0874359e+000
  6.7536596e-001
  2.7639156e-001
 -7.1335816e-001
 -7.3105617e-001
 -1.3579546e+000
 -1.2622843e+000
 -1.4091101e+000
 -1.0547159e+000
 -1.6372976e+000
 -1.1328437e+000
 -9.9637116e-001
 -9.7712397e-001
 -1.0846603e+000
 -1.2466717e+000
 -1.0575240e+000
 -9.9183325e-001
 -3.2155481e-001
 -4.1562055e-002
  9.3839883e-001
  1.2654890e+000
  1.3038369e+000
  1.3836201e+000
  4.7428328e-001
 -2.9603612e-001
 -7.6579268e-001
 -1.1743646e+000
 -9.1098984e-001
  6.3827275e-001
  1.3738393e+000
  8.6795298e-001
 -2.8562917e-001
 -1.1336585e+000
 -8.8470672e-001
  3.8805326e-001
  1.4200365e+000
  3.7822812e-001
 -1.4358623e+000
 -1.1690105e+000
  7.8349828e-001
  7.8687781e-001
 -7.9605421e-001
 -9.5307153e-001
  5.8415001e-001
  6.7121836e-001
 -9.8102589e-001
 -4.3898370e-001
  1.0297253e+000
 -5.1384747e-001
 -1.3378431e+000
  1.1718056e+000
 -4.9984395e-002
 -1.3191535e+000
  1.1815147e+000
  2.2504410e-001
 -9.2719897e-001
  1.0565935e+000
 -6.9194607e-001
 -2.9475942e-001
  9.9496980e-001
 -1.5447863e+000
  1.2507667e+000
 -3.7818380e-001
  6.3304314e-002
  7.0397679e-001
 -1.0196178e+000
  1.0646197e+000
 -1.3451133e+000
  1.4634812e+000
 -8.9908099e-001
  9.6137921e-001
 -1.1362389e+000
  1.2279448e+000
 -1.1051312e+000
  1.2333622e+000
 -7.8254450e-001
  1.0398531e+000
 -1.4363928e+000
  1.0673155e+000
 -1.5443019e+000
  1.2079457e+000
 -8.6861244e-001
  3.7695982e-001
  3.5023290e-001
 -1.2966050e+000
  1.7010921e+000
