  2.0908435e+000 -2.6143060e+000  5.6699625e-003
  4.4063837e-001 -2.5113115e+000  1.1339700e-002
 -1.5554126e+000 -1.8459904e+000  1.7008987e-002
 -1.1713143e+000 -2.3612352e+000  2.2677600e-002
  6.9782071e-001 -3.3851677e-001  2.8345312e-002
 -3.3292245e+000 -1.0565662e+000  3.4011899e-002
  1.4430534e+000  3.9946563e+000  3.9677136e-002
 -1.9407445e+000 -9.5264037e-001  4.5340799e-002
  1.4541090e+000  5.8703386e-001  5.1002662e-002
 -8.1955783e-001 -7.7334894e-001  5.6662500e-002
 -1.7761138e+000  8.5232399e-001  6.2320090e-002
 -1.3856888e+000  1.3714776e+000  6.7975206e-002
  1.1711863e+000 -2.5399147e+000  7.3627625e-002
 -3.2094287e+000 -4.0837954e+000  7.9277121e-002
  1.3780939e+000 -4.5258810e+000  8.4923470e-002
 -3.4711023e+000 -8.7259638e-002  9.0566449e-002
  3.0424419e-001  1.6894075e+000  9.6205834e-002
 -1.4585881e+000 -2.2271633e+000  1.0184140e-001
 -2.6546379e+000 -4.7283394e+000  1.0747292e-001
 -2.1250146e+000  5.5437764e+000  1.1310018e-001
 -3.0995651e+000 -2.3453489e+000  1.1872295e-001
  4.6502015e+000 -3.8589187e+000  1.2434101e-001
 -3.7171988e-001  3.9903932e-001  1.2995413e-001
 -5.5809608e-001 -9.2209483e-001  1.3556209e-001
  1.5649167e+000 -2.5304032e+000  1.4116468e-001
  7.6261977e-001  2.8349535e-001  1.4676166e-001
 -1.4492937e+000  2.2124572e+000  1.5235282e-001
 -1.2746338e+000 -1.4557914e+000  1.5793793e-001
  1.9832235e+000 -1.7938806e+000  1.6351677e-001
  2.4722887e+000 -1.6831308e+000  1.6908912e-001
 -6.4253598e-001 -7.9922823e-001  1.7465476e-001
 -6.2685166e-001  4.0162667e+000  1.8021346e-001
  8.6818751e-001  2.6532422e+000  1.8576502e-001
  1.9069887e+000  7.5137167e-001  1.9130920e-001
 -1.0046343e+000  8.7781599e-001  1.9684579e-001
  6.1058309e-001  2.3805395e+000  2.0237457e-001
  1.4231448e-001 -1.5821625e+000  2.0789531e-001
  8.4048031e-001 -2.1468217e+000  2.1340780e-001
  7.3139843e-001  4.3652706e+000  2.1891183e-001
 -2.3966622e-001 -1.3902856e+000  2.2440716e-001
 -1.5338447e-001 -6.0653153e-002  2.2989359e-001
 -3.0109448e+000  2.2925176e+000  2.3537089e-001
  6.0827725e-001 -1.2536987e+000  2.4083885e-001
  3.6628575e-001 -6.2821817e-001  2.4629725e-001
 -1.3296746e+000  4.1820049e+000  2.5174588e-001
 -1.9583742e+000 -3.4110195e+000  2.5718451e-001
  2.3170645e+000 -8.3766326e-001  2.6261294e-001
 -6.0601413e-001  3.2364999e+000  2.6803094e-001
  2.2547607e+000  1.2028534e+000  2.7343831e-001
  2.1202210e+000 -6.3001911e-001  2.7883482e-001
 -1.2623889e+000  2.5279344e+000  2.8422027e-001
 -2.6230585e-001  6.9704332e-001  2.8959444e-001
 -1.6539622e+000  6.5285599e+000  2.9495711e-001
  2.6652089e+000  7.1970708e-001  3.0030807e-001
  3.7483955e+000  2.7389069e+000  3.0564712e-001
 -7.5710053e-001  6.7230331e-001  3.1097403e-001
  2.1554849e+000 -2.1568351e+000  3.1628861e-001
 -1.4655754e+000 -2.7545158e+000  3.2159062e-001
 -5.4979240e-001  9.2393574e-001  3.2687988e-001
 -3.2036551e-001 -3.9862750e+000  3.3215616e-001
  4.4013739e+000 -2.1902836e+000  3.3741926e-001
 -9.0450532e-001 -1.2840307e+000  3.4266896e-001
 -1.7961652e+000 -1.7245238e+000  3.4790507e-001
 -5.3388857e-001  2.0788129e+000  3.5312736e-001
 -3.5462883e-001 -3.5559805e+000  3.5833565e-001
  1.7487837e+000  2.8227717e+000  3.6352970e-001
 -7.0929955e-001 -3.2782295e+000  3.6870934e-001
  2.5754306e+000 -1.2393962e+000  3.7387433e-001
 -3.8724143e+000 -1.7595531e-001  3.7902449e-001
  2.0717966e+000 -7.4164119e-001  3.8415960e-001
  1.2393867e+000 -4.5289882e+000  3.8927947e-001
 -8.2304134e-001  3.2584325e+000  3.9438389e-001
  5.4596960e-002 -5.7233818e-001  3.9947265e-001
  2.9719771e+000  1.9697288e+000  4.0454556e-001
 -2.0926185e+000  9.2081116e-001  4.0960241e-001
 -4.3749718e-001 -1.3535558e+000  4.1464300e-001
  9.7651074e-001 -1.7977208e+000  4.1966714e-001
  1.1646625e+000  8.7090612e-001  4.2467462e-001
 -3.4926073e+000 -1.2511198e+000  4.2966525e-001
  1.1087028e+000  1.8111207e+000  4.3463882e-001
  7.5578042e-001  1.4435851e+000  4.3959514e-001
  2.3595574e+000 -3.3287578e+000  4.4453402e-001
  2.3845996e+000 -4.9149781e+000  4.4945525e-001
 -3.0551301e+000  1.7618948e+000  4.5435864e-001
 -9.0340420e-001 -5.1583637e-001  4.5924400e-001
  7.1607553e-001  9.4680451e-001  4.6411113e-001
 -1.4140616e+000 -7.9492998e-001  4.6895984e-001
  9.9172229e-001 -1.5194049e+000  4.7378994e-001
  4.1493850e-001 -2.9883452e+000  4.7860123e-001
  9.3627760e-001 -1.8084717e+000  4.8339353e-001
 -5.1963644e-001 -1.7381972e-001  4.8816664e-001
  6.0458235e-001  2.7597299e+000  4.9292038e-001
 -7.2814490e-001  3.6829433e+000  4.9765455e-001
  1.4546980e+000 -2.3263202e+000  5.0236897e-001
  1.5964959e+000 -1.1783620e+000  5.0706345e-001
 -3.0831611e-001 -3.6366092e+000  5.1173781e-001
  1.8173673e+000  1.4963357e+000  5.1639185e-001
 -3.9175816e+000 -8.7966144e-001  5.2102540e-001
  2.3132233e+000  2.8776577e+000  5.2563827e-001
 -1.7585241e+000  9.9599365e-001  5.3023028e-001
 -8.0523128e-001  8.1498406e-001  5.3480125e-001
 -2.6140658e+000 -5.7141917e-001  5.3935098e-001
  2.4338685e+000 -3.1806605e+000  5.4387931e-001
 -6.7342980e-001  3.9765486e+000  5.4838606e-001
 -2.8423464e+000  7.0384462e-001  5.5287104e-001
  2.6139471e+000  3.7011916e+000  5.5733407e-001
  2.6833592e-001 -1.8413991e+000  5.6177498e-001
  3.2603621e+000  1.6941047e+000  5.6619360e-001
 -5.1300861e-001  1.2473038e+000  5.7058975e-001
  2.8987283e+000 -1.0694674e+000  5.7496325e-001
 -8.9288556e-001  5.0735806e+000  5.7931393e-001
 -6.5617798e-001 -2.8701073e+000  5.8364161e-001
  2.8518964e+000  2.6429131e+000  5.8794613e-001
 -1.5154813e+000  1.0634617e+000  5.9222732e-001
  2.1128778e+000 -1.4147430e+000  5.9648500e-001
 -1.2179583e+000 -3.6406506e+000  6.0071900e-001
  2.2451845e+000  2.1067926e+000  6.0492917e-001
 -1.2150687e+000 -5.0032535e+000  6.0911532e-001
 -1.3046581e-001  6.5443794e-001  6.1327730e-001
 -3.7255362e+000 -7.3161711e-002  6.1741494e-001
  1.3995747e+000  2.0131598e+000  6.2152807e-001
 -4.8830157e-001 -2.6491859e-002  6.2561653e-001
  3.6563424e+000 -2.6479049e+000  6.2968017e-001
 -1.5014838e+000  3.0024830e-001  6.3371881e-001
 -1.5815403e-001 -2.4508790e+000  6.3773230e-001
  3.1692620e-001  3.4014712e+000  6.4172047e-001
  1.4492518e+000 -3.5795398e-001  6.4568318e-001
  3.1164840e+000 -2.0210489e+000  6.4962026e-001
 -3.9123099e+000  7.9390121e-001  6.5353156e-001
  8.8468025e-001  1.8096657e-003  6.5741692e-001
 -9.2062756e-001 -2.9327201e+000  6.6127618e-001
 -6.0032649e-001  1.9755642e+000  6.6510920e-001
 -1.3078100e+000  4.3774837e+000  6.6891583e-001
  3.5901849e+000  1.1240332e+000  6.7269590e-001
  1.7141008e+000  3.3369397e+000  6.7644927e-001
 -1.6051552e+000 -1.4129518e+000  6.8017580e-001
  2.6948525e+000 -3.7721034e+000  6.8387533e-001
 -1.1952153e-001  2.1258465e+000  6.8754771e-001
 -1.6338208e+000 -1.8743660e+000  6.9119281e-001
  4.5071525e+000  2.0655631e+000  6.9481047e-001
 -3.8148527e+000 -1.4501416e-001  6.9840056e-001
  2.4659284e+000  4.9964930e-001  7.0196293e-001
 -4.3839624e+000  1.6496250e+000  7.0549744e-001
  2.0063531e+000 -1.5866574e+000  7.0900394e-001
 -1.3350714e+000  2.2108368e+000  7.1248231e-001
 -9.3754505e-001  6.0105338e+000  7.1593240e-001
  9.5022797e-001  4.2211659e-001  7.1935407e-001
  1.8119370e+000 -4.4122983e-001  7.2274719e-001
 -4.9279885e-001 -1.1703706e+000  7.2611162e-001
 -9.4732139e-001 -2.3131403e+000  7.2944724e-001
  2.6438861e-001 -6.6758442e+000  7.3275390e-001
  4.8662739e-001  2.5962758e-001  7.3603149e-001
 -3.6787340e+000  1.6277783e+000  7.3927985e-001
  4.4417736e+000 -6.5102803e-002  7.4249888e-001
  5.7338106e-002  8.7988731e-001  7.4568844e-001
  4.8612131e-001 -4.5940616e+000  7.4884840e-001
  5.8907238e-001 -3.9076440e+000  7.5197864e-001
 -1.2112274e+000  9.6578422e-001  7.5507903e-001
 -4.0666351e-002 -5.1125881e+000  7.5814945e-001
  1.3034445e+000  2.9109330e+000  7.6118979e-001
 -3.5095167e+000  1.6308545e+000  7.6419991e-001
  3.3496114e+000 -1.5082742e-001  7.6717970e-001
 -3.1661289e+000 -3.0254494e+000  7.7012904e-001
  7.5199908e-001  5.2551936e-001  7.7304782e-001
 -4.6376651e+000 -2.0385469e-001  7.7593591e-001
  2.9666386e+000 -3.6400616e-001  7.7879320e-001
 -2.2903370e+000 -7.2483129e-001  7.8161959e-001
  1.1707400e+000 -9.5242969e-001  7.8441495e-001
  1.0123145e+000  1.4147175e+000  7.8717918e-001
  1.8736733e+000 -1.1206663e+000  7.8991217e-001
  2.1921956e+000  1.6391629e+000  7.9261381e-001
 -1.7007260e+000  1.5037859e+000  7.9528398e-001
  5.7145957e-001  2.7519546e+000  7.9792260e-001
  1.3900011e+000  1.2195946e+000  8.0052954e-001
  1.2594798e+000  4.4244556e+000  8.0310471e-001
 -2.6574285e-001 -6.5951215e-002  8.0564800e-001
  6.3431957e+000  2.3905640e+000  8.0815932e-001
 -2.9868547e+000 -3.3994595e+000  8.1063856e-001
  2.7396626e+000 -2.4225786e-001  8.1308563e-001
 -5.2865746e+000 -3.8424475e+000  8.1550043e-001
  3.5179907e+000 -1.8913413e-001  8.1788286e-001
 -6.0634648e+000  4.9161717e-001  8.2023283e-001
  1.8587429e+000  1.0242178e+000  8.2255024e-001
 -3.0609406e+000 -3.1059312e-001  8.2483501e-001
  1.1214922e+000  5.4959524e+000  8.2708704e-001
 -6.6101107e+000  2.8154144e-002  8.2930624e-001
  2.4152295e+000  1.4469921e+000  8.3149253e-001
 -4.9975345e+000  2.5653820e+000  8.3364581e-001
  3.0041837e+000  3.6872226e+000  8.3576601e-001
 -1.2039181e+000 -2.8733581e+000  8.3785304e-001
  3.2559573e+000 -1.5679810e+000  8.3990681e-001
 -4.5741280e+000 -3.1599355e+000  8.4192725e-001
  2.7980987e+000 -3.7176412e+000  8.4391427e-001
 -6.2669721e+000  2.6092572e+000  8.4586779e-001
  3.8264518e+000 -2.6187663e-001  8.4778775e-001
 -4.6645830e-001  5.5818020e-001  8.4967405e-001
  6.7030479e-001  1.3237226e+000  8.5152663e-001
  6.9933158e-002  7.6559384e+000  8.5334542e-001
  2.7708879e-001  3.0300088e+000  8.5513033e-001
  5.2740156e+000  1.9077309e+000  8.5688131e-001
 -1.9368631e+000 -2.5878852e-003  8.5859827e-001
  3.4770808e+000  1.3201648e+000  8.6028116e-001
 -3.7272091e+000 -4.6588102e-001  8.6192990e-001
  4.5010062e+000  3.4386983e+000  8.6354444e-001
 -2.8622227e+000  1.8375606e+000  8.6512470e-001
  3.8875053e+000  8.5726308e-001  8.6667062e-001
 -4.9944712e+000  1.6520701e-001  8.6818215e-001
  2.4501279e+000  1.2934149e+000  8.6965921e-001
 -5.9000802e+000  1.4723776e-001  8.7110176e-001
  4.5890640e+000 -2.5399489e+000  8.7250974e-001
 -4.1188888e-001  1.2206177e-001  8.7388309e-001
 -1.2946037e+000 -6.1914372e+000  8.7522175e-001
  2.6703372e+000 -7.3623746e-001  8.7652567e-001
 -7.3479052e-001 -1.2411112e+000  8.7779481e-001
  4.1204940e-001  1.4407016e+000  8.7902910e-001
 -2.9872761e+000 -1.9292724e+000  8.8022851e-001
  2.7032285e+000  5.2387556e-001  8.8139298e-001
 -3.6764937e+000 -1.6887798e+000  8.8252247e-001
  1.4716364e+000  2.1163699e-001  8.8361693e-001
 -9.6214718e-001  9.0197354e-001  8.8467633e-001
  3.8823639e+000 -1.1997739e+000  8.8570060e-001
 -3.2674300e+000 -3.8246708e+000  8.8668973e-001
  3.6071013e+000  3.3710227e+000  8.8764366e-001
 -6.9649490e+000  6.8028317e-001  8.8856236e-001
  4.7072582e+000 -2.1891373e+000  8.8944580e-001
 -4.4957066e+000 -3.0466308e-001  8.9029393e-001
  5.7449429e-001  2.0385228e+000  8.9110673e-001
 -1.9243103e+000 -2.2231649e+000  8.9188416e-001
  2.8875523e+000 -1.0727269e+000  8.9262619e-001
 -2.2838510e+000  7.1870137e-001  8.9333279e-001
  3.7650251e+000 -1.6613402e+000  8.9400394e-001
 -6.0758365e-001  4.5167930e+000  8.9463960e-001
  7.8070388e-001 -1.7150042e+000  8.9523976e-001
  2.7468169e-001  4.3401590e-001  8.9580438e-001
 -2.7297028e+000 -4.7433514e-001  8.9633345e-001
  2.9842380e+000 -4.7905765e+000  8.9682694e-001
 -7.5732974e-001  1.5139358e+000  8.9728484e-001
  1.8252764e-001  1.0037371e+000  8.9770713e-001
  1.8468787e+000  1.5221192e+000  8.9809378e-001
 -2.6264015e+000 -3.9291827e+000  8.9844479e-001
  2.9233863e+000 -9.4339101e-001  8.9876015e-001
 -6.9225073e+000  3.5088479e+000  8.9903983e-001
 -8.2375579e-001  1.3138276e+000  8.9928382e-001
 -1.1231164e+000  4.0756133e-001  8.9949213e-001
 -1.2072889e+000 -5.4566234e+000  8.9966473e-001
  3.3422710e-001  2.8201743e+000  8.9980163e-001
  6.0039957e-001 -5.7497623e-001  8.9990281e-001
  6.0650166e-001  1.2550950e+000  8.9996828e-001
 -3.3889915e-002  9.3478424e-001  8.9999802e-001
  1.7343388e+000  1.0205581e+000  8.9999205e-001
 -3.7609765e+000 -1.3032319e+000  8.9995035e-001
  1.2822571e+000 -1.1456516e+000  8.9987294e-001
 -4.2561917e+000  1.4652883e+000  8.9975981e-001
  3.4640432e+000  2.2932624e+000  8.9961097e-001
  2.2390739e-001 -1.1451247e-001  8.9942642e-001
  1.2950261e+000 -7.5495690e-001  8.9920618e-001
 -2.5525552e+000  1.0600278e+000  8.9895024e-001
  2.8817088e+000 -1.4017149e+000  8.9865863e-001
  1.1277560e+000  1.5936000e+000  8.9833135e-001
  9.1432240e-001  2.1405773e+000  8.9796841e-001
 -2.4856377e+000 -5.4185276e-001  8.9756984e-001
  9.7041020e-001 -1.7157879e+000  8.9713564e-001
 -2.4154682e+000  6.6567383e-001  8.9666583e-001
 -2.5940546e+000 -3.0484840e-001  8.9616044e-001
 -8.1360017e-001 -1.4013643e+000  8.9561947e-001
 -1.9929791e+000 -2.4872997e+000  8.9504296e-001
  1.7653317e+000  9.0277652e-001  8.9443092e-001
 -1.5207511e+000 -3.3880528e+000  8.9378339e-001
  2.2282338e+000  6.1160877e+000  8.9310038e-001
 -3.9948171e+000 -3.0934606e+000  8.9238192e-001
  4.3131798e+000 -5.3695077e-002  8.9162805e-001
 -7.2668677e+000 -3.3796859e+000  8.9083878e-001
  7.9120063e+000 -2.2574494e+000  8.9001416e-001
 -4.0598977e+000 -5.2010503e+000  8.8915422e-001
  4.3405063e+000  1.9255331e+000  8.8825898e-001
 -5.9826507e+000  3.9329526e+000  8.8732849e-001
  7.6388098e+000 -4.4750282e-001  8.8636278e-001
 -5.1827608e+000  5.2972285e-002  8.8536189e-001
  5.4063076e+000 -3.4552127e-001  8.8432587e-001
 -2.4914869e+000 -2.4395726e+000  8.8325474e-001
  3.9396881e+000  5.5647209e-001  8.8214856e-001
 -5.6112579e+000 -6.2471158e-001  8.8100736e-001
  3.1889637e+000  2.9172473e+000  8.7983120e-001
 -3.3428106e+000 -7.4473679e-001  8.7862011e-001
  7.3853164e+000 -6.2865460e+000  8.7737416e-001
 -5.7078761e+000 -4.7662175e-001  8.7609338e-001
 -1.5952268e+000  1.6982339e-001  8.7477783e-001
 -3.5633419e-001  2.1182381e+000  8.7342756e-001
 -1.2663979e+000  1.1447068e+000  8.7204262e-001
  1.0214647e+000 -5.1303716e+000  8.7062308e-001
  2.9587856e+000  2.2056237e+000  8.6916897e-001
 -2.4937109e+000 -2.0242906e+000  8.6768037e-001
  6.2150594e+000 -2.4411568e+000  8.6615734e-001
 -6.5063778e+000 -2.5926643e+000  8.6459992e-001
  3.1807472e+000  3.0820893e+000  8.6300819e-001
 -4.0159803e+000 -2.3645601e+000  8.6138221e-001
  2.6291895e+000  1.9165572e+000  8.5972203e-001
 -5.2200531e+000 -6.3166049e+000  8.5802774e-001
  5.3153087e+000 -3.8105255e+000  8.5629939e-001
 -7.7982989e+000 -3.2612948e+000  8.5453705e-001
  4.9401608e+000 -2.9116115e-001  8.5274080e-001
 -5.8291462e+000 -2.9387812e+000  8.5091070e-001
  4.0001826e+000  3.9851985e+000  8.4904683e-001
 -2.9886069e+000  9.4870283e-001  8.4714926e-001
  6.5372273e+000  9.7220740e-001  8.4521807e-001
 -7.8455168e+000 -1.3237891e-001  8.4325333e-001
  5.0126923e+000  5.9997531e-001  8.4125513e-001
 -2.7415903e+000 -2.9525317e+000  8.3922353e-001
  3.4212822e+000  3.5478982e+000  8.3715863e-001
 -3.4567531e+000 -3.3106485e+000  8.3506049e-001
  5.0083623e+000 -3.9519780e-001  8.3292922e-001
 -6.6755625e+000  2.7413366e-001  8.3076489e-001
  3.0902963e+000 -2.8140899e+000  8.2856758e-001
 -5.2127268e+000 -4.3106623e+000  8.2633739e-001
  4.9144087e-001  5.5577987e-001  8.2407440e-001
 -6.1499992e+000 -5.6634286e-001  8.2177870e-001
  4.4401493e+000  1.9167528e+000  8.1945038e-001
 -5.9762768e+000  2.7810531e+000  8.1708955e-001
  4.3967654e+000 -2.0873443e+000  8.1469628e-001
 -1.3534193e+000  5.2415286e+000  8.1227068e-001
 -1.0954371e+000 -6.0398330e-001  8.0981283e-001
  3.7023552e+000  6.1866444e-001  8.0732285e-001
 -2.8423353e-001  2.6940294e+000  8.0480083e-001
  1.2960515e+000  3.5546625e+000  8.0224686e-001
 -5.1313585e-001 -3.0209842e+000  7.9966105e-001
  3.6426542e+000  1.1047135e-001  7.9704350e-001
 -3.9978716e+000 -3.7841902e+000  7.9439432e-001
  1.1672657e+000  3.9885972e+000  7.9171361e-001
 -2.7856719e+000 -8.8780382e-001  7.8900147e-001
  4.7159288e+000  4.1135188e+000  7.8625802e-001
 -3.9601417e+000 -3.3056400e-002  7.8348337e-001
  7.5519858e+000 -3.7698794e+000  7.8067761e-001
 -1.6417232e+000  4.6662556e-001  7.7784088e-001
  2.4962189e+000 -7.1423477e+000  7.7497327e-001
  1.0059592e-001  6.9843166e-001  7.7207490e-001
 -4.0675804e+000 -7.1227809e-001  7.6914588e-001
  2.7669336e+000  2.5982270e+000  7.6618634e-001
  1.9568687e+000 -4.4312125e+000  7.6319639e-001
 -1.5992520e-002  1.4689532e-001  7.6017615e-001
 -3.5201177e+000  1.6835379e+000  7.5712574e-001
  3.8034841e+000 -2.3043270e+000  7.5404528e-001
 -1.8759126e+000 -1.6621298e+000  7.5093489e-001
 -6.6780562e-001 -6.2910027e-001  7.4779470e-001
 -1.3172742e+000  1.3912587e+000  7.4462482e-001
  4.8355884e-001 -9.8236313e-001  7.4142539e-001
 -1.1791763e+000 -2.5987337e+000  7.3819654e-001
 -1.1190115e+000  2.1223821e-001  7.3493838e-001
  1.7478992e+000 -8.1333803e-001  7.3165106e-001
  1.0878840e+000 -2.7939691e+000  7.2833469e-001
 -7.3704855e-001 -2.5536284e-001  7.2498942e-001
 -8.6394502e-001 -2.0286158e-001  7.2161538e-001
  2.0142177e+000  9.0375760e-001  7.1821269e-001
 -9.9210878e-001 -5.7107331e-002  7.1478150e-001
  1.2233572e+000 -2.9244811e-001  7.1132194e-001
 -1.8290477e-001  9.3690313e+000  7.0783414e-001
  1.6943866e+000  2.6330405e+000  7.0431826e-001
  2.8652822e+000 -2.1300530e+000  7.0077441e-001
  5.2708488e-001  2.4443323e+000  6.9720276e-001
  1.2606454e+000  3.3279422e-001  6.9360343e-001
  3.4335973e+000 -3.3259368e+000  6.8997657e-001
  2.1503149e+000 -1.2287210e+000  6.8632233e-001
 -6.6808957e-001 -5.6946679e-001  6.8264085e-001
 -6.4009803e-001  2.2064587e+000  6.7893227e-001
  3.1523839e-002 -1.5683659e+000  6.7519675e-001
  1.1644776e+000  2.5787044e+000  6.7143443e-001
 -2.1484454e+000 -1.3557369e+000  6.6764546e-001
  4.4277149e+000  3.5285644e-003  6.6382999e-001
 -4.3972242e+000 -1.2983033e+000  6.5998818e-001
  1.5876131e+000 -1.6970753e-002  6.5612017e-001
 -1.1449508e+000  9.3487543e-001  6.5222611e-001
  5.6615129e-002 -3.5052992e-001  6.4830617e-001
  7.6482325e-001 -6.2986871e-001  6.4436050e-001
  1.0886022e+000  2.1985288e+000  6.4038926e-001
 -1.2524562e+000 -1.8716231e+000  6.3639260e-001
 -7.8761324e-001 -6.1087100e-001  6.3237068e-001
  2.8441140e-001 -1.5800222e+000  6.2832366e-001
  8.9577424e-001 -1.7510839e+000  6.2425170e-001
  1.0568265e-001 -9.7895133e-001  6.2015497e-001
  3.3961887e+000 -1.1150494e+000  6.1603362e-001
  5.8370655e-002  2.3768375e+000  6.1188782e-001
  1.9573836e+000  1.8112347e+000  6.0771774e-001
  2.5220459e+000  5.7192212e-001  6.0352354e-001
 -1.2811205e+000  1.7794875e+000  5.9930538e-001
 -1.5339921e-001  1.8041533e+000  5.9506343e-001
  1.5042671e-001 -8.9707041e-001  5.9079787e-001
  1.0388024e+000  3.0894199e+000  5.8650886e-001
 -6.8049320e-001 -9.1747859e-001  5.8219657e-001
  2.0025851e+000 -1.7315352e-001  5.7786118e-001
 -1.9899308e+000  2.7740568e+000  5.7350285e-001
  1.3220982e+000 -2.8644984e+000  5.6912175e-001
 -4.7585459e-001  1.4930903e+000  5.6471807e-001
 -3.0804742e-001 -8.8381195e-001  5.6029197e-001
  2.2632201e+000 -3.7121756e+000  5.5584364e-001
 -4.6047961e+000  5.7268666e+000  5.5137325e-001
 -5.5439102e-001  3.7226520e-001  5.4688097e-001
  1.0502200e+000 -1.8962973e+000  5.4236698e-001
 -1.7390310e-001 -3.8560913e+000  5.3783147e-001
  3.5325031e+000  2.6111776e-001  5.3327461e-001
 -3.7382772e+000  3.7885880e+000  5.2869659e-001
  6.5726154e-001  1.8474530e+000  5.2409758e-001
  3.0713708e+000 -2.9464400e+000  5.1947778e-001
  1.9360829e+000  7.9563069e-001  5.1483735e-001
 -7.7000437e-001 -2.0260236e+000  5.1017649e-001
  2.7945740e+000  1.1489601e+000  5.0549538e-001
 -8.7831356e-001 -6.5884098e-001  5.0079421e-001
  2.3334815e+000  2.5731701e+000  4.9607316e-001
  6.3619632e-001 -8.7709543e-002  4.9133242e-001
  1.2426413e+000  1.3110936e+000  4.8657218e-001
  9.7702019e-001 -3.5663347e+000  4.8179263e-001
 -1.0801324e+000  2.8960919e+000  4.7699396e-001
 -6.2210399e-001  1.1793278e+000  4.7217636e-001
  3.8387713e+000 -1.7162891e+000  4.6734001e-001
 -2.7292190e+000  1.9108998e+000  4.6248512e-001
  3.8662677e-001 -2.4011904e+000  4.5761187e-001
  3.1330353e+000  1.3072940e+000  4.5272046e-001
 -1.7307709e+000 -1.4019877e+000  4.4781108e-001
  1.8550051e+000 -7.3478232e-001  4.4288392e-001
 -1.5809518e+000 -3.2581873e+000  4.3793919e-001
 -6.9739488e-001  1.6773191e+000  4.3297707e-001
 -5.6738065e-001  1.8453679e+000  4.2799778e-001
 -5.8365267e-001  1.7733912e-001  4.2300149e-001
 -1.9575871e+000  4.7292933e-001  4.1798842e-001
 -1.8341023e+000 -7.4904969e-001  4.1295875e-001
 -2.7866262e-001  6.9837505e-001  4.0791270e-001
 -2.8135712e+000 -2.2177119e+000  4.0285045e-001
  1.6583707e-001 -3.1226902e+000  3.9777222e-001
  6.3092310e-001  2.8350311e+000  3.9267819e-001
  5.5793745e-001 -1.2007367e+000  3.8756859e-001
 -1.3257296e+000  2.3643772e+000  3.8244360e-001
  2.1540015e+000  1.9214217e+000  3.7730343e-001
 -1.3113119e+000 -1.8463359e-001  3.7214828e-001
 -1.2485851e+000  3.6574033e+000  3.6697837e-001
  5.8033268e-001  3.5189620e-001  3.6179389e-001
 -6.5107725e-001 -9.2474261e-001  3.5659505e-001
  4.2877846e-001  1.3244476e+000  3.5138206e-001
  2.0292009e+000  2.8335076e+000  3.4615512e-001
  1.6369088e+000 -2.0381957e+000  3.4091444e-001
  4.7090952e-001  5.9837585e-001  3.3566023e-001
 -4.3408358e+000 -3.4606935e+000  3.3039270e-001
  3.1694540e+000 -1.9656052e+000  3.2511206e-001
 -2.3789869e+000 -1.0851741e+000  3.1981851e-001
  1.7956962e+000 -3.6956321e+000  3.1451227e-001
  3.0288461e-001  2.2935883e+000  3.0919355e-001
 -1.1030607e+000 -4.7437072e+000  3.0386255e-001
  2.6914959e+000  6.9576552e-001  2.9851949e-001
 -4.1819904e+000 -3.8852759e+000  2.9316459e-001
 -1.2456776e+000  2.2173397e+000  2.8779805e-001
 -2.4851108e+000 -2.9115219e-001  2.8242009e-001
  2.0058624e+000  2.8278945e+000  2.7703091e-001
  1.3130696e+000 -2.3106998e+000  2.7163075e-001
  2.0381772e+000  3.5437879e+000  2.6621980e-001
 -1.7577180e+000 -1.0638901e+000  2.6079828e-001
  2.1317717e-001  2.2457630e+000  2.5536642e-001
 -2.1439410e+000  2.5217030e+000  2.4992442e-001
  2.1757241e+000  1.0584258e+000  2.4447250e-001
 -5.1046721e-001  1.8258278e+000  2.3901087e-001
 -9.1119169e-002 -2.2832592e-001  2.3353976e-001
  1.5685353e+000  1.9169315e+000  2.2805938e-001
 -3.9723653e-001 -3.6739370e+000  2.2256995e-001
  1.2516189e+000 -1.3399072e+000  2.1707169e-001
 -2.2546636e+000  5.7738865e-001  2.1156481e-001
 -1.8755346e+000  6.2147041e+000  2.0604953e-001
  2.5470819e+000 -3.8988658e+000  2.0052608e-001
  4.6033627e+000  5.1879375e+000  1.9499466e-001
 -1.9087737e+000 -5.3074785e-002  1.8945551e-001
  2.1952997e+000  2.2313777e+000  1.8390884e-001
  2.1392230e+000  3.3786134e-001  1.7835486e-001
  2.2431872e+000  4.2163979e+000  1.7279381e-001
 -1.1572531e+000 -6.9103853e-001  1.6722590e-001
  1.6818875e+000 -1.0081634e-001  1.6165136e-001
 -8.6321519e-001 -4.0330320e-001  1.5607040e-001
 -1.1963690e+000  1.4456241e+000  1.5048324e-001
 -6.7566823e-001 -2.2175659e+000  1.4489011e-001
  2.4178907e-001  6.5202936e-001  1.3929123e-001
 -1.6042040e+000 -2.2042430e+000  1.3368682e-001
  2.1461076e+000 -1.0068135e+000  1.2807711e-001
 -3.3099535e+000 -3.6546718e-001  1.2246231e-001
  1.6522764e+000  1.0127293e+000  1.1684265e-001
 -7.7792483e-001  6.9620131e-001  1.1121836e-001
  2.4026979e+000  3.6184908e+000  1.0558965e-001
 -1.7203609e+000 -1.4599339e+000  9.9956745e-002
  1.3099243e+000 -2.0229960e+000  9.4319877e-002
 -3.5731532e-001 -3.9710165e-001  8.8679265e-002
 -3.2573150e+000 -1.7562740e+000  8.3035134e-002
 -5.8371680e-001  2.5686015e-001  7.7387707e-002
 -1.1601419e+000 -2.2228264e+000  7.1737208e-002
  1.3767789e+000 -5.7759388e+000  6.6083862e-002
 -2.5866969e+000 -2.4304946e+000  6.0427894e-002
  9.4294882e-001 -4.7575290e-002  5.4769527e-002
 -1.4209035e+000  3.3472654e+000  4.9108986e-002
  1.7970525e+000  4.4224455e-002  4.3446496e-002
  1.8035560e+000 -1.7817741e+000  3.7782282e-002
  9.0638714e-002  2.3113463e+000  3.2116568e-002
 -9.1622814e-001  7.5683579e-001  2.6449579e-002
  6.9750969e-001  7.5094452e+000  2.0781541e-002
  1.8231785e+000 -1.3491586e+000  1.5112678e-002
  5.5732218e+000 -2.4532491e+000  9.4432150e-003
 -5.3283158e-001 -4.9249437e+000  3.7733772e-003
 -1.9951740e+000 -1.9914616e+000 -1.8966104e-003
 -7.5978789e-001  1.8883812e+000 -7.5665226e-003
 -1.9860162e-001 -8.6468856e-001 -1.3236135e-002
  5.6505503e-001 -4.7819927e+000 -1.8905221e-002
  6.9129026e-001 -1.4860107e+000 -2.4573557e-002
 -3.0943041e+000  3.4792426e+000 -3.0240918e-002
  2.3309281e+000  1.5316841e+000 -3.5907079e-002
  5.2343779e+000  1.2954034e+000 -4.1571815e-002
 -2.0680297e+000  3.5763101e+000 -4.7234900e-002
  1.0850354e+000  2.7647391e+000 -5.2896111e-002
  7.0427018e-001  4.6413286e+000 -5.8555222e-002
  2.5594051e+000  2.5178620e-001 -6.4212010e-002
  2.8482975e+000 -1.0168381e+000 -6.9866248e-002
 -4.3843308e-002  1.4971314e+000 -7.5517714e-002
  1.2154268e+000 -3.7981493e-001 -8.1166183e-002
  2.7070601e-001 -1.1170678e+000 -8.6811430e-002
 -1.8395038e+000  3.5960280e+000 -9.2453231e-002
 -2.4339728e-001 -2.5892393e+000 -9.8091363e-002
 -7.3261526e-001  3.1421227e+000 -1.0372560e-001
 -6.5538501e-001 -4.1644032e-001 -1.0935572e-001
  2.2021088e+000  2.0480413e-001 -1.1498151e-001
  7.5042232e-001  2.4639119e+000 -1.2060272e-001
  1.0813753e+000 -4.8684615e+000 -1.2621915e-001
  4.7474969e+000 -2.8571589e+000 -1.3183058e-001
 -4.5646959e-001  6.6980430e-001 -1.3743677e-001
 -2.1095398e+000 -1.3450940e+000 -1.4303750e-001
 -1.4501963e+000  2.3139700e+000 -1.4863256e-001
  1.9115961e-001 -8.7346627e-001 -1.5422172e-001
  7.6509737e-001 -2.5243457e+000 -1.5980475e-001
  2.5022733e+000 -1.0478522e+000 -1.6538145e-001
 -7.3132691e-001 -3.5523784e-001 -1.7095158e-001
 -2.3894731e+000  2.9512192e+000 -1.7651492e-001
 -1.5109283e-001  9.8204796e-001 -1.8207126e-001
  1.6497920e+000  2.1291269e+000 -1.8762038e-001
  1.6737221e+000 -5.0085833e+000 -1.9316204e-001
  3.8733533e-002 -2.9603344e+000 -1.9869604e-001
 -2.0374109e+000 -6.8527942e+000 -2.0422216e-001
 -6.3011432e-001 -1.2389618e+000 -2.0974017e-001
 -4.1971785e+000  3.6316783e+000 -2.1524985e-001
 -2.6313390e+000  7.5019507e-001 -2.2075099e-001
  1.6040812e+000 -1.0731303e+000 -2.2624337e-001
  5.9130083e-001 -8.9626594e+000 -2.3172677e-001
  1.5619296e+000  1.5121209e+000 -2.3720097e-001
 -3.8353694e+000  2.2699947e+000 -2.4266576e-001
 -1.3040090e+000  7.0277175e+000 -2.4812091e-001
  1.4618417e+000  3.0996069e+000 -2.5356622e-001
  2.5963743e+000 -3.4103548e-001 -2.5900147e-001
  1.9116466e+000  4.3894159e+000 -2.6442643e-001
 -1.3903550e+000 -3.4480598e+000 -2.6984090e-001
  6.0712133e-001 -3.6254678e+000 -2.7524466e-001
 -2.7740174e+000  7.1186603e-002 -2.8063750e-001
 -2.3984587e+000  9.5062122e-001 -2.8601919e-001
 -1.1653731e+000  3.8485449e-002 -2.9138954e-001
 -4.9386647e+000 -2.3663643e+000 -2.9674832e-001
  1.6112339e+000 -2.3484021e+000 -3.0209532e-001
 -2.5074367e+000  1.4060641e+000 -3.0743033e-001
 -1.9914903e+000 -3.1580471e+000 -3.1275314e-001
  4.1304570e+000 -6.0785200e-001 -3.1806354e-001
 -6.8210192e-002 -4.0001667e+000 -3.2336131e-001
  9.4131157e-001  1.0645540e+000 -3.2864625e-001
 -2.9012030e-001 -3.0795926e+000 -3.3391814e-001
 -2.3361285e+000  2.8919576e+000 -3.3917678e-001
  1.0702540e+000 -1.6757750e+000 -3.4442196e-001
 -3.9272054e-001  8.4079920e-001 -3.4965347e-001
 -1.5803807e+000 -3.1244422e+000 -3.5487110e-001
 -4.2425341e-001 -1.0177703e+000 -3.6007465e-001
 -1.7066579e+000 -1.6828458e+000 -3.6526390e-001
  1.2554808e+000  3.8668461e+000 -3.7043866e-001
 -3.4148518e+000  4.9470988e-001 -3.7559872e-001
  4.8995560e+000 -2.9636947e+000 -3.8074387e-001
  7.9083790e-001  5.6044309e-001 -3.8587390e-001
  7.3563111e-002 -8.0599671e-001 -3.9098862e-001
  2.5465454e-001 -2.8814445e+000 -3.9608783e-001
 -4.2997767e-001  2.6026529e+000 -4.0117131e-001
 -1.3909346e+000 -5.7004129e-001 -4.0623887e-001
  3.9886874e+000  3.6204371e+000 -4.1129031e-001
 -1.5485850e-001 -6.3810753e-001 -4.1632542e-001
  1.4513345e-001  1.7705861e+000 -4.2134401e-001
  1.0426458e+000 -2.4746864e+000 -4.2634587e-001
  1.1410767e+000  1.0864880e+000 -4.3133081e-001
 -2.8151092e-001  5.4415254e-001 -4.3629864e-001
  1.0945505e+000  5.8445472e+000 -4.4124915e-001
  1.0956118e+000 -4.4841317e+000 -4.4618214e-001
  2.7107877e+000 -6.6653307e-001 -4.5109743e-001
 -2.7466250e+000 -3.2987445e+000 -4.5599481e-001
 -2.3125171e-001  5.1458737e+000 -4.6087409e-001
 -1.4607787e-001  1.2563656e+000 -4.6573508e-001
 -1.3594249e+000 -4.3851764e+000 -4.7057759e-001
 -6.6136609e-001 -4.2007020e-001 -4.7540142e-001
 -8.9602856e-001  1.9746403e+000 -4.8020638e-001
 -4.1504431e+000 -3.2646629e+000 -4.8499228e-001
  2.0830913e+000 -2.0213562e+000 -4.8975893e-001
 -1.1009455e+000  2.7893690e+000 -4.9450614e-001
 -1.6809285e+000 -4.2821762e+000 -4.9923373e-001
 -1.1493801e+000 -1.4208433e+000 -5.0394150e-001
 -1.8926182e-001  4.7817894e+000 -5.0862927e-001
  7.1355913e-001  3.6179012e+000 -5.1329685e-001
  1.9930784e+000 -2.1362886e+000 -5.1794406e-001
  4.5761744e+000  3.1320612e+000 -5.2257072e-001
 -9.0807716e-001 -5.1587272e-001 -5.2717663e-001
  1.2148724e+000 -1.5746633e+000 -5.3176162e-001
  1.9727905e+000 -3.4940837e+000 -5.3632550e-001
  9.7055356e-002  1.4124331e+000 -5.4086810e-001
 -3.6536561e+000  2.1759940e+000 -5.4538923e-001
  1.6394927e+000 -1.3270839e+000 -5.4988871e-001
  1.0588028e+000  4.3079407e-002 -5.5436637e-001
  1.5794894e+000 -3.4656521e-001 -5.5882202e-001
 -1.0408639e+000  8.0386717e-001 -5.6325550e-001
 -1.8129971e-001  3.4423031e+000 -5.6766662e-001
  2.5891043e+000  2.2921877e+000 -5.7205521e-001
  2.3414634e+000  6.5471767e+000 -5.7642110e-001
  1.2258311e-001  3.6015349e+000 -5.8076410e-001
  2.8815361e+000 -8.4199719e-001 -5.8508406e-001
  6.8052956e+000  5.1893821e-001 -5.8938079e-001
  4.5936574e+000 -6.2599677e-001 -5.9365414e-001
  1.1113803e+000  2.9808577e+000 -5.9790392e-001
 -4.6638098e-001  5.2326481e-001 -6.0212996e-001
  3.0908286e+000  4.0653705e+000 -6.0633212e-001
  1.8123130e+000  6.0164993e+000 -6.1051020e-001
  1.6166207e+000  2.8040538e+000 -6.1466406e-001
  6.0231371e+000  1.0408867e+000 -6.1879351e-001
  4.8866966e+000  2.0696376e+000 -6.2289841e-001
  4.4695159e+000 -1.8027960e+000 -6.2697859e-001
  2.3551528e+000  1.0663747e+000 -6.3103388e-001
  3.0841198e+000 -1.0736592e-001 -6.3506413e-001
  4.4766038e+000 -2.1967705e+000 -6.3906917e-001
  1.8878129e+000 -3.2887956e+000 -6.4304884e-001
 -4.6804013e-001 -5.7087500e-001 -6.4700299e-001
  1.2119297e-001  3.5718184e+000 -6.5093147e-001
 -3.2743213e-002 -2.0302199e+000 -6.5483411e-001
  1.1713610e+000 -2.5296187e+000 -6.5871075e-001
 -3.5997513e+000 -2.7037758e+000 -6.6256126e-001
 -2.9719608e+000 -1.4570217e+000 -6.6638546e-001
 -6.0432419e+000  3.4649036e+000 -6.7018322e-001
 -2.2957781e+000  1.2802964e+000 -6.7395438e-001
 -3.7065801e+000  1.9070356e+000 -6.7769879e-001
  3.2785623e-001 -2.6678895e+000 -6.8141630e-001
  3.1223452e+000 -9.1804105e-001 -6.8510677e-001
 -5.7853196e-001  6.3686268e-001 -6.8877004e-001
 -2.8766665e+000 -2.4244807e-001 -6.9240598e-001
 -4.0776428e+000  1.0828369e+000 -6.9601443e-001
 -6.2573065e-001  2.9928822e+000 -6.9959526e-001
  4.7868111e+000  2.8914266e+000 -7.0314833e-001
  1.4672983e+000  5.2499649e+000 -7.0667348e-001
  3.6554832e+000 -3.0201097e-001 -7.1017059e-001
  3.5618296e+000  1.6857056e+000 -7.1363952e-001
  4.0283010e+000  2.9266064e+000 -7.1708011e-001
  4.4440960e-001  7.0197828e-001 -7.2049225e-001
  2.9486173e+000  4.8547824e-001 -7.2387579e-001
  1.9515861e+000  2.0331851e+000 -7.2723060e-001
  4.6291302e+000 -2.4858284e+000 -7.3055655e-001
 -1.0082184e+000 -2.3913373e+000 -7.3385350e-001
  3.3044593e+000 -1.9983427e+000 -7.3712132e-001
 -1.1419871e+000 -3.7269132e+000 -7.4035989e-001
 -1.6535437e+000  8.7193556e-001 -7.4356907e-001
 -2.4557669e+000  4.8979644e-001 -7.4674874e-001
 -3.5898140e+000  1.0533731e+000 -7.4989878e-001
 -2.3958219e+000  3.4276159e+000 -7.5301905e-001
  1.1300292e+000  6.5827955e-001 -7.5610943e-001
  4.1319774e+000 -2.0850713e-001 -7.5916980e-001
 -1.0375710e+000  4.4916012e-001 -7.6220004e-001
 -9.2389542e-001  2.4968140e+000 -7.6520003e-001
  9.4383284e-001  2.7652779e+000 -7.6816965e-001
  2.9526064e+000  4.1952066e+000 -7.7110878e-001
  2.6987266e+000  2.4259917e+000 -7.7401730e-001
  3.6272333e+000  3.7642617e+000 -7.7689511e-001
  4.2838359e+000 -1.1788340e+000 -7.7974207e-001
  6.8687362e+000  3.5237821e+000 -7.8255810e-001
  3.0642322e+000 -1.5565274e+000 -7.8534306e-001
  6.6836148e+000  3.6002458e+000 -7.8809685e-001
  3.5301736e+000  3.1565074e+000 -7.9081936e-001
  3.8079973e+000 -8.9004195e-001 -7.9351049e-001
  3.4145569e+000 -2.6105481e+000 -7.9617012e-001
  1.0402563e+000 -1.6444820e+000 -7.9879815e-001
  2.4015330e+000 -6.5073326e-001 -8.0139447e-001
  2.5231175e+000  1.1174213e+000 -8.0395899e-001
  3.2000219e+000 -1.8297395e+000 -8.0649160e-001
 -4.9887615e-001  3.7460099e+000 -8.0899220e-001
 -1.5328839e+000 -1.8458547e+000 -8.1146069e-001
  3.4967842e+000 -3.7112204e-001 -8.1389698e-001
  6.8887399e-001  2.9381543e+000 -8.1630096e-001
  3.6101346e-001  1.5283448e+000 -8.1867254e-001
 -8.4956387e-001  3.9725578e+000 -8.2101163e-001
  1.0795889e+000 -4.3834931e+000 -8.2331813e-001
  4.2940609e+000  6.4230744e-001 -8.2559196e-001
  5.2115283e-001  7.6137618e-001 -8.2783302e-001
 -2.0000202e+000  3.0044924e+000 -8.3004122e-001
 -1.5394928e+000  1.8914273e+000 -8.3221648e-001
  2.7549486e+000 -9.8198257e-001 -8.3435871e-001
  1.9181868e+000  1.5541521e+000 -8.3646782e-001
 -2.6278920e-001  4.1466399e+000 -8.3854373e-001
  3.9406903e+000  4.9455364e+000 -8.4058636e-001
  5.0160240e+000 -9.3340595e-002 -8.4259563e-001
  6.0328086e+000  8.1697342e-001 -8.4457145e-001
  5.9400658e+000  4.5812612e+000 -8.4651376e-001
  5.6314135e+000 -3.4014240e+000 -8.4842246e-001
  5.3454192e+000  3.6995871e-001 -8.5029750e-001
  7.1683781e+000  6.3080672e-001 -8.5213878e-001
  3.9485787e+000  3.8407057e+000 -8.5394624e-001
  4.0451642e+000 -8.1064125e-001 -8.5571981e-001
  4.4231924e+000 -1.0848011e+000 -8.5745942e-001
  5.3334039e+000 -2.6953068e-001 -8.5916499e-001
  3.5236909e+000 -1.0436787e+000 -8.6083647e-001
  2.7868138e-001  2.5935946e+000 -8.6247378e-001
 -1.8396585e+000  1.1902173e-001 -8.6407685e-001
 -6.0915421e-002 -5.5598260e+000 -8.6564563e-001
  3.2377359e+000 -3.8252125e+000 -8.6718006e-001
 -2.0230315e+000 -3.4156725e+000 -8.6868006e-001
 -2.4895151e+000 -1.4594805e+000 -8.7014559e-001
 -8.4778937e-001 -2.5896143e+000 -8.7157658e-001
 -6.0242309e+000 -3.1665212e+000 -8.7297298e-001
 -2.1648660e+000 -1.4751678e-001 -8.7433473e-001
 -4.3058442e+000 -4.6489502e+000 -8.7566178e-001
 -6.5547098e+000  1.7148132e+000 -8.7695407e-001
 -1.0395758e+001  5.6779237e-001 -8.7821156e-001
 -7.1627179e+000 -2.6375627e+000 -8.7943419e-001
 -4.4154297e+000  6.0174227e-001 -8.8062192e-001
 -7.3048218e+000  1.6436522e+000 -8.8177469e-001
  4.6394800e-001 -2.7990747e+000 -8.8289247e-001
 -3.5012532e+000 -1.2639668e+000 -8.8397521e-001
 -4.3224252e+000 -5.9160876e-001 -8.8502286e-001
 -5.8173109e+000 -2.2659169e-001 -8.8603538e-001
 -5.8834840e+000 -1.5333753e+000 -8.8701274e-001
 -6.3663113e+000 -1.8383716e+000 -8.8795489e-001
 -4.6387347e+000 -5.1127394e+000 -8.8886180e-001
 -6.1947783e+000  2.8009770e-001 -8.8973343e-001
 -6.1564141e+000 -1.0703168e+000 -8.9056975e-001
 -6.3489332e+000 -7.3258672e-001 -8.9137072e-001
 -3.4894472e+000 -4.9196664e+000 -8.9213631e-001
 -5.4220279e+000 -9.5005333e-001 -8.9286649e-001
 -5.1190885e+000  4.1771408e+000 -8.9356124e-001
 -7.2984767e+000 -2.9138109e+000 -8.9422052e-001
 -3.0760308e+000  2.5355336e+000 -8.9484431e-001
 -6.2604538e+000 -5.5515057e+000 -8.9543258e-001
 -1.4115590e+000  1.7789945e+000 -8.9598531e-001
 -7.6589841e+000  3.5332382e+000 -8.9650248e-001
 -3.7101923e+000 -1.7523525e+000 -8.9698407e-001
 -3.7635062e+000  1.2628810e+000 -8.9743006e-001
 -3.3786883e+000  6.1656886e-001 -8.9784043e-001
 -1.2478369e+000  6.2659148e+000 -8.9821517e-001
 -2.7860542e+000  3.7226845e+000 -8.9855425e-001
  3.0817745e+000 -2.7078363e+000 -8.9885767e-001
  3.7957880e+000 -9.7200504e-001 -8.9912541e-001
  1.4056586e+000  7.2840063e-001 -8.9935747e-001
  5.8350052e-001  1.6097581e-001 -8.9955384e-001
  4.9743583e+000 -4.6911626e+000 -8.9971450e-001
  8.4749329e-001  1.7688717e+000 -8.9983945e-001
  1.3746108e+000  2.9143962e+000 -8.9992868e-001
  2.5127113e-001  3.6818030e+000 -8.9998220e-001
  1.4231203e+000  1.3352017e+000 -9.0000000e-001
  3.8783929e+000 -1.4879359e+000 -8.9998208e-001
  5.9491421e+000  2.2383406e+000 -8.9992843e-001
  2.8609405e+000 -1.3256009e-001 -8.9983907e-001
  7.1716367e+000 -6.8982322e-001 -8.9971400e-001
  3.7577370e+000 -3.5481864e+000 -8.9955321e-001
  1.6955537e+000 -4.0040741e-001 -8.9935672e-001
  3.7748810e+000  1.5682872e+000 -8.9912454e-001
 -2.8979386e-001 -7.7750991e-001 -8.9885667e-001
  1.3443003e+000 -4.9144598e-002 -8.9855312e-001
 -4.5680206e-001 -3.2902433e+000 -8.9821392e-001
  4.3457856e+000 -2.5735391e+000 -8.9783906e-001
 -3.4015541e+000  1.8767374e+000 -8.9742856e-001
 -4.2158690e+000  5.7397166e-001 -8.9698245e-001
  1.1036931e+000  1.5908127e+000 -8.9650074e-001
  2.0395147e-001  1.0881189e+000 -8.9598344e-001
  1.4095891e+000  1.1505036e-001 -8.9543058e-001
 -2.2418563e+000 -1.5590108e+000 -8.9484219e-001
  1.5060114e+000 -7.2384638e-001 -8.9421827e-001
  1.2344223e+000  3.0685033e+000 -8.9355887e-001
 -3.2623181e+000 -6.5683370e+000 -8.9286400e-001
 -8.4117833e-001  9.8904687e-001 -8.9213369e-001
 -3.1373778e+000 -3.1955458e+000 -8.9136798e-001
 -3.8754542e+000  6.3894813e-001 -8.9056688e-001
 -3.3593525e+000  1.3686698e+000 -8.8973044e-001
 -2.1002337e+000 -4.3228453e-001 -8.8885869e-001
  1.9252435e-001 -3.1780719e+000 -8.8795166e-001
 -6.6676513e-002  2.6012636e+000 -8.8700938e-001
 -2.6972385e+000  3.2293163e+000 -8.8603190e-001
  1.4678702e+000  1.6328180e+000 -8.8501925e-001
  4.3817619e-001 -8.7429510e-001 -8.8397148e-001
  2.4913946e+000  1.7200636e-001 -8.8288862e-001
  1.8870116e-001 -6.7713078e-002 -8.8177072e-001
  1.6614236e+000  6.1512062e-001 -8.8061782e-001
  1.5190988e+000 -8.1316554e-001 -8.7942998e-001
  2.3415119e+000 -2.8305606e+000 -8.7820722e-001
  1.4296446e+000 -6.6279180e+000 -8.7694961e-001
 -2.4502192e-001 -3.5680540e+000 -8.7565720e-001
 -3.2983976e+000  2.0343689e+000 -8.7433003e-001
 -8.0079233e+000  4.6907639e+000 -8.7296816e-001
 -3.3744023e+000  2.1321508e+000 -8.7157164e-001
 -3.0841595e+000  9.7991564e-001 -8.7014052e-001
  2.4745205e+000  6.5067173e-001 -8.6867487e-001
 -2.6834027e+000 -6.0786313e-001 -8.6717475e-001
 -1.1654126e+000 -4.2536089e+000 -8.6564021e-001
  1.1715160e+000 -2.8163707e+000 -8.6407130e-001
  3.4232740e+000  2.2641202e+000 -8.6246811e-001
 -5.3048536e+000 -8.0857116e-001 -8.6083068e-001
 -1.3139415e+000  2.0778489e+000 -8.5915909e-001
  1.3150023e+000 -2.5290006e+000 -8.5745339e-001
  2.4152720e-001 -1.7993818e+000 -8.5571367e-001
 -3.0973384e+000 -1.8628538e+000 -8.5393998e-001
  9.2449988e-002  3.4459468e+000 -8.5213240e-001
 -4.5621803e+000 -3.3872122e+000 -8.5029100e-001
  1.9562953e+000 -1.1866572e-001 -8.4841584e-001
 -2.2685143e+000 -3.3487322e+000 -8.4650702e-001
 -1.6645583e+000  1.0661577e-001 -8.4456460e-001
 -1.1749904e+000  5.2857262e-003 -8.4258866e-001
 -3.0825639e+000  3.1283518e-001 -8.4057927e-001
 -1.2066135e+000 -3.0043119e+000 -8.3853653e-001
 -3.2795907e+000 -1.1073608e+000 -8.3646050e-001
 -2.7846039e+000  4.4141417e-001 -8.3435127e-001
 -3.4237840e+000  1.4153658e+000 -8.3220893e-001
 -3.3750181e+000  4.0901197e+000 -8.3003355e-001
 -1.9085484e+000  1.5012344e+000 -8.2782524e-001
  7.6782448e-001 -3.3357804e+000 -8.2558406e-001
  1.0683000e+000 -2.7777886e+000 -8.2331012e-001
 -9.6683104e-001  3.6486542e+000 -8.2100350e-001
 -3.9552954e+000 -4.2534762e+000 -8.1866430e-001
  1.0342187e+000 -4.2346327e+000 -8.1629261e-001
  5.3296482e-001 -1.4815175e+000 -8.1388851e-001
 -7.6027651e-001  2.0385445e+000 -8.1145211e-001
 -3.3208479e+000 -2.2156762e+000 -8.0898351e-001
 -1.1221663e+000 -3.5810045e+000 -8.0648280e-001
 -2.4272115e+000 -9.4702655e-001 -8.0395008e-001
 -6.3620762e+000  2.1514891e+000 -8.0138545e-001
 -5.4890541e+000 -4.5768920e+000 -7.9878901e-001
 -4.7368899e-001  1.2549817e+000 -7.9616087e-001
 -3.2645577e+000 -3.6043952e+000 -7.9350113e-001
 -2.1578183e+000  3.1197755e+000 -7.9080989e-001
 -3.7241020e+000 -2.4375357e+000 -7.8808727e-001
 -4.7578494e+000 -2.1137142e+000 -7.8533337e-001
 -2.9408718e+000  9.9742706e-001 -7.8254830e-001
 -3.9890307e+000 -1.1746019e+000 -7.7973217e-001
 -6.0879997e-001  2.2559962e+000 -7.7688509e-001
 -1.0782043e+000  1.6365462e+000 -7.7400718e-001
  2.9241635e+000  4.3770555e+000 -7.7109855e-001
  2.9193280e-001 -3.8636729e-001 -7.6815931e-001
 -2.2798827e-001 -3.6194958e+000 -7.6518959e-001
  1.8414819e+000  4.3460181e+000 -7.6218949e-001
 -2.1992984e+000 -1.1363850e+000 -7.5915915e-001
  3.0386259e+000 -1.4447010e+000 -7.5609867e-001
 -1.7662944e+000  1.3923061e+000 -7.5300818e-001
  1.5094257e+000  5.4358054e+000 -7.4988781e-001
 -5.7532737e-001  5.2825138e+000 -7.4673767e-001
  2.6271415e+000 -2.0635560e+000 -7.4355790e-001
  2.6272511e+000 -2.6938676e+000 -7.4034861e-001
  1.4958832e+000 -3.1038110e+000 -7.3710994e-001
  8.6577416e-001  2.1476680e+000 -7.3384201e-001
 -8.7108468e-001 -3.7314070e+000 -7.3054496e-001
 -3.0081866e-001 -2.8191010e+000 -7.2721891e-001
 -7.6634728e-001 -1.9816659e-001 -7.2386400e-001
 -2.5110524e+000  1.1557197e+000 -7.2048036e-001
 -2.5534766e+000 -2.5107787e+000 -7.1706813e-001
 -9.8394828e-001 -2.1167793e+000 -7.1362743e-001
 -1.0113021e+000 -3.6500044e-001 -7.1015841e-001
  1.2034664e-001 -2.7811189e-001 -7.0666120e-001
 -3.5749013e+000 -9.0692895e-001 -7.0313595e-001
 -2.2085783e+000  3.8424606e+000 -6.9958279e-001
 -3.9032161e+000  7.4494836e-002 -6.9600186e-001
 -7.6689670e-001  1.2762734e+000 -6.9239331e-001
 -1.1082854e-001  9.0802271e-001 -6.8875727e-001
  1.2226958e+000 -9.9055815e-001 -6.8509390e-001
  1.9004951e+000 -4.0306200e+000 -6.8140334e-001
  2.1779073e+000  1.4460755e+000 -6.7768574e-001
  2.0028208e+000 -4.3670982e+000 -6.7394123e-001
 -2.5413360e+000  8.2827645e-001 -6.7016998e-001
 -2.6507235e+000  1.6962714e+000 -6.6637213e-001
 -2.6231372e+000  2.1202018e+000 -6.6254783e-001
 -3.5939704e+000 -2.8728136e-001 -6.5869724e-001
  1.0192484e-001 -2.1653779e-001 -6.5482050e-001
 -4.5468682e-002  4.6571453e+000 -6.5091777e-001
 -8.8734885e-002 -1.4133521e+000 -6.4698921e-001
  1.3639291e+000  4.9629504e+000 -6.4303496e-001
 -9.7700097e-001 -1.6353719e+000 -6.3905520e-001
  2.1541100e+000  3.0570237e+000 -6.3505007e-001
 -1.1995908e-001  8.4429894e-001 -6.3101974e-001
  3.1902242e+000 -2.4686461e+000 -6.2696436e-001
  2.8672145e+000 -6.3038569e+000 -6.2288410e-001
  1.0725572e+000 -2.5475887e-001 -6.1877911e-001
 -3.1410409e+000  2.2797781e+000 -6.1464957e-001
 -1.3607098e+000 -1.2053945e+000 -6.1049563e-001
  5.6252374e-001 -1.7041501e-001 -6.0631746e-001
  1.0012570e+000 -2.5173903e-001 -6.0211522e-001
  2.2300140e+000 -2.4133740e+000 -5.9788909e-001
 -9.7222896e-001  2.0043767e+000 -5.9363923e-001
 -2.5351993e+000  1.8266839e+000 -5.8936580e-001
  5.1370546e-001 -8.6596224e-001 -5.8506899e-001
  1.8903222e-001 -3.2849431e+000 -5.8074895e-001
 -2.7249737e+000  2.1674389e+000 -5.7640586e-001
  4.4454231e-001  2.1534162e+000 -5.7203990e-001
  1.2935350e+000 -9.0079416e-001 -5.6765123e-001
  3.3309738e+000 -3.4471333e+000 -5.6324003e-001
  1.1197149e-001 -6.5053886e-001 -5.5880648e-001
 -1.1148438e+000 -2.6145333e+000 -5.5435074e-001
  5.6497990e-001 -1.8384636e+000 -5.4987301e-001
 -3.4912519e+000  2.3486380e+000 -5.4537345e-001
 -4.3367426e-001  2.1651774e+000 -5.4085224e-001
 -6.5992207e-001  2.4970742e-002 -5.3630957e-001
  1.4616995e+000  7.6959465e-001 -5.3174562e-001
  2.5296818e+000  4.8566849e-001 -5.2716055e-001
  3.0596171e+000 -1.9437971e+000 -5.2255457e-001
 -1.0475417e+000  9.8316760e-002 -5.1792784e-001
  5.0002877e-001 -1.2285925e+000 -5.1328056e-001
  1.6713045e-001  1.4384147e+000 -5.0861291e-001
  1.4351611e+000  1.8597588e+000 -5.0392507e-001
  1.2028876e+000 -1.0431074e+000 -4.9921722e-001
  2.7007117e+000 -4.3528571e-001 -4.9448957e-001
  5.2540089e-001 -2.5400283e-001 -4.8974229e-001
  1.8037014e-001  1.1383070e-002 -4.8497557e-001
 -1.0662820e+000 -3.1900074e-001 -4.8018960e-001
  6.1973578e-001  3.3437726e+000 -4.7538457e-001
 -3.9582536e-001 -9.3419203e-001 -4.7056068e-001
  2.6097529e-001  3.7223870e+000 -4.6571811e-001
 -3.8432533e+000  6.1878416e-001 -4.6085705e-001
  3.0034169e+000  5.1262042e-001 -4.5597771e-001
  2.1013833e+000  1.3077094e+000 -4.5108026e-001
  1.2592965e+000  3.5927814e+000 -4.4616491e-001
  1.7702262e-002 -1.6969553e+000 -4.4123186e-001
  5.3480472e+000 -6.2735854e-001 -4.3628129e-001
 -7.8943103e-001  3.6268641e+000 -4.3131341e-001
  5.6388974e-001 -9.7039544e-002 -4.2632840e-001
  4.9152578e-001 -2.6210071e+000 -4.2132648e-001
  3.0970618e+000  5.9972803e-001 -4.1630783e-001
  9.1141236e-001  3.6234564e+000 -4.1127266e-001
 -1.3757635e+000  1.9051730e+000 -4.0622117e-001
  4.0563735e+000  1.2822679e+000 -4.0115355e-001
  3.0716989e+000 -2.2328646e-001 -3.9607002e-001
  1.2790416e-001  1.7125162e+000 -3.9097076e-001
 -2.8472097e+000  1.2973348e+000 -3.8585598e-001
 -2.8727393e-001 -1.2447036e+000 -3.8072589e-001
  4.3554660e+000  6.5811444e-001 -3.7558069e-001
  1.0161336e+000 -2.7787501e+000 -3.7042059e-001
  1.3446144e+000  1.0724018e-001 -3.6524578e-001
 -6.8190713e-001  1.2741070e+000 -3.6005647e-001
  5.7078958e-001  1.4067667e+000 -3.5485287e-001
  3.7154795e+000 -3.3190439e-002 -3.4963519e-001
  2.6317988e+000 -1.4826815e+000 -3.4440364e-001
  4.7996052e-001  3.8544541e-001 -3.3915841e-001
 -1.3349122e+000 -8.5722361e-001 -3.3389972e-001
  1.8622825e+000 -1.1962956e+000 -3.2862778e-001
 -7.4999746e-001  1.4887906e+000 -3.2334280e-001
 -1.6321073e+000 -2.1552204e-001 -3.1804498e-001
 -5.3937149e-001 -2.3059779e+000 -3.1273454e-001
 -8.6108615e-001  3.8238246e+000 -3.0741169e-001
  8.5394953e-001 -7.8296918e-003 -3.0207663e-001
  1.3259940e+000 -5.3531038e-001 -2.9672959e-001
  3.0347436e+000 -6.1329493e+000 -2.9137077e-001
 -2.0726735e+000 -2.7344305e+000 -2.8600038e-001
 -2.4811297e+000  1.9493701e+000 -2.8061865e-001
 -2.0794561e+000 -2.3056843e+000 -2.7522578e-001
 -3.0249178e+000  1.5426568e-001 -2.6982198e-001
  7.2569093e-001  4.3458955e+000 -2.6440747e-001
 -8.2542944e-001 -7.2693448e-001 -2.5898247e-001
  1.1944456e+000  7.9048061e-001 -2.5354719e-001
  4.4132490e-001 -1.3771054e+000 -2.4810185e-001
 -2.9299636e+000  5.3365569e+000 -2.4264666e-001
 -1.4552116e+000  1.3615617e+000 -2.3718184e-001
  4.7401208e+000 -3.7764304e-001 -2.3170760e-001
  1.0652926e+000  5.9315366e+000 -2.2622417e-001
 -8.7909553e-001 -1.2939756e+000 -2.2073176e-001
  3.0803134e+000  1.0173058e+000 -2.1523059e-001
 -7.8163742e-001 -9.5541034e-001 -2.0972088e-001
  3.1897008e-001  2.0468209e+000 -2.0420284e-001
 -2.4834545e-001 -1.0519295e+000 -1.9867670e-001
  1.1769295e+000 -1.0078070e+000 -1.9314267e-001
 -8.3085623e-001  3.6687123e-001 -1.8760098e-001
  8.6382641e-002  1.0731169e+000 -1.8205184e-001
 -2.2824810e+000  1.7672609e+000 -1.7649547e-001
  1.0387686e+000 -2.5255038e+000 -1.7093210e-001
 -2.3583564e-001  7.5509667e-001 -1.6536195e-001
  6.0082386e-001 -6.6110156e-001 -1.5978523e-001
  1.8764952e+000  7.7732344e-001 -1.5420217e-001
 -2.5175897e+000  6.0108553e-001 -1.4861299e-001
 -5.6966379e-001  8.9028143e-001 -1.4301792e-001
  5.1464998e-001 -2.2466091e+000 -1.3741716e-001
  3.2545794e+000 -3.7490221e+000 -1.3181096e-001
 -2.0417899e+000 -9.3300188e-001 -1.2619952e-001
 -1.0582987e+000 -5.6317405e-001 -1.2058307e-001
 -9.3203909e-001  1.3300964e+000 -1.1496183e-001
 -1.5553582e+000 -3.3292593e+000 -1.0933604e-001
 -8.0862773e-001  2.0116926e+000 -1.0370590e-001
  6.3022876e-001 -1.8812806e+000 -9.8071646e-002
  2.2254802e+000  3.1466054e+000 -9.2433501e-002
 -6.1283814e-001 -1.7793476e+000 -8.6791687e-002
  1.3082335e+000 -1.8316050e+000 -8.1146428e-002
 -2.5748963e+000 -1.6960475e+000 -7.5497949e-002
 -1.4380069e-001 -6.4052075e-001 -6.9846473e-002
 -3.0593762e+000 -1.5437207e+000 -6.4192225e-002
 -9.9920638e-001 -2.4156194e+000 -5.8535429e-002
  1.5677184e+000 -1.8901123e+000 -5.2876310e-002
 -1.2302194e+000 -2.4846934e+000 -4.7215092e-002
  5.5165691e-001 -4.0463346e+000 -4.1552000e-002
  2.7372174e+000 -2.3157248e+000 -3.5887260e-002
  1.2482578e-001  6.2511951e+000 -3.0221094e-002
  2.1205080e+000  1.2849357e+000 -2.4553730e-002
  3.5441018e+000 -2.5684396e-002 -1.8885390e-002
 -1.0050210e+000 -2.2290834e+000 -1.3216301e-002
 -2.6552534e+000  1.0197372e-001 -7.5466880e-003
 -3.3946048e-001 -5.2144088e+000 -1.8767751e-003
 -2.3775429e+000 -3.0754987e+000  3.7932123e-003
 -1.7400289e+000  4.7028482e-001  9.4630492e-003
 -3.1217270e+000 -7.2572269e+000  1.5132510e-002
 -3.4991186e-001 -2.2566324e+000  2.0801371e-002
 -3.2238598e+000 -1.9753112e-001  2.6469406e-002
  1.8447851e-001 -1.9860602e+000  3.2136391e-002
  3.0906464e-001  1.1172589e+000  3.7802100e-002
  5.9605968e-001 -1.3086563e+000  4.3466308e-002
  3.8397869e+000 -8.0159932e-001  4.9128792e-002
 -7.8685982e-001 -3.8072060e+000  5.4789325e-002
 -1.1156539e+000 -2.7763315e+000  6.0447684e-002
 -3.4764683e+000  6.8349017e+000  6.6103644e-002
 -9.6866452e-001  4.6136778e+000  7.1756980e-002
  3.5050325e+000 -9.6092318e-001  7.7407468e-002
  5.9840833e-001  1.2596930e+000  8.3054884e-002
 -2.2648653e-001 -2.0119606e+000  8.8699004e-002
  5.4417602e-001 -1.9820756e+000  9.4339603e-002
  4.9750549e-001 -1.3951324e+000  9.9976457e-002
 -1.5268619e+000  2.3418724e+000  1.0560934e-001
 -1.1113719e+000 -4.0853349e-001  1.1123804e-001
  2.5419886e+000 -1.2885881e+000  1.1686232e-001
 -1.5851780e+000  3.4546629e+000  1.2248196e-001
 -8.0925544e-001 -9.2472217e-001  1.2809674e-001
  3.3734602e+000  2.3063040e-001  1.3370644e-001
 -2.3522292e+000 -2.3028249e+000  1.3931083e-001
  2.7121506e+000  2.8125735e+000  1.4490969e-001
 -1.9034053e+000  1.3869792e+000  1.5050280e-001
  1.6019814e+000  2.5634766e+000  1.5608993e-001
  8.4431632e-001  7.7651613e-001  1.6167087e-001
 -8.0015458e-001  1.4983061e+000  1.6724539e-001
  2.0648472e-001  1.1878308e-001  1.7281328e-001
 -1.6024043e+000  4.9388839e-001  1.7837431e-001
  2.3431361e+000  2.0419165e+000  1.8392825e-001
  2.7526546e-001 -3.7527750e-001  1.8947490e-001
 -2.1686321e+000 -9.7509771e-001  1.9501403e-001
 -1.8102540e+000  3.4842967e+000  2.0054541e-001
 -1.9738306e+000 -3.9868952e+000  2.0606884e-001
 -3.6327930e-001 -1.5514709e-001  2.1158409e-001
 -3.3103860e+000  2.2387975e+000  2.1709094e-001
  2.9582881e-001  3.3144046e+000  2.2258917e-001
 -2.6575336e-002  2.2687788e+000  2.2807857e-001
  5.2730746e-001  1.9507104e+000  2.3355892e-001
  2.5563539e+000 -1.4488095e+000  2.3903000e-001
 -6.0573527e-001  3.0507836e-001  2.4449159e-001
 -1.3921238e+000  3.3603480e+000  2.4994347e-001
  9.5768438e-001 -1.7558198e+000  2.5538544e-001
 -8.3490985e-001  4.0134082e+000  2.6081727e-001
 -2.7518562e+000  2.2277201e+000  2.6623875e-001
  2.9061715e+000  1.1375866e+000  2.7164966e-001
 -8.8884200e-001  2.6405399e+000  2.7704979e-001
  2.7850969e-001  3.1636382e+000  2.8243892e-001
  1.5972787e+000 -1.9382932e-001  2.8781684e-001
 -3.1472606e-001  3.8333161e-001  2.9318334e-001
 -4.6696367e-001 -1.8771815e+000  2.9853821e-001
  3.6503317e+000 -5.8933667e-001  3.0388122e-001
 -1.7127549e+000  1.1487882e+000  3.0921217e-001
 -5.9626758e-001 -2.3451999e+000  3.1453086e-001
  3.7986855e+000 -1.5540571e+000  3.1983705e-001
 -1.8704534e+000 -4.0456059e+000  3.2513056e-001
  3.9594693e-001 -4.8793747e+000  3.3041115e-001
 -1.1978474e+000  2.5662688e+000  3.3567864e-001
 -2.9263507e+000 -1.7894052e+000  3.4093280e-001
  6.0235331e-001 -5.0061681e+000  3.4617343e-001
 -1.7415000e+000  2.3350120e+000  3.5140032e-001
 -9.5997400e-001  2.6730015e+000  3.5661326e-001
  4.0020289e+000  1.2065543e+000  3.6181205e-001
  3.5966090e-001 -1.3547827e+000  3.6699648e-001
  2.1087937e+000 -1.0641216e+000  3.7216635e-001
 -3.3488268e+000  1.5029349e+000  3.7732144e-001
 -4.7430314e+000 -3.9781238e-001  3.8246155e-001
  3.5456115e+000  7.9504405e-001  3.8758649e-001
 -2.3260800e+000  1.8234756e+000  3.9269604e-001
  9.7312197e-001  8.1405022e-001  3.9779001e-001
  2.2169084e+000  4.2098194e+000  4.0286819e-001
  9.7098464e-001  9.4181472e-001  4.0793038e-001
  6.9920259e-002 -3.4037187e+000  4.1297637e-001
 -3.9867081e-001 -2.6889568e-001  4.1800598e-001
 -1.8439727e+000 -1.7266093e+000  4.2301900e-001
  1.5166607e+000 -1.2656792e-001  4.2801522e-001
 -9.5284640e-001 -2.2327597e+000  4.3299446e-001
 -3.0852369e+000 -1.3275981e-002  4.3795652e-001
 -1.1918344e+000  5.4913797e-001  4.4290119e-001
  7.6121853e-001  1.6337351e+000  4.4782828e-001
 -8.6380968e-001 -5.7357054e-001  4.5273760e-001
  3.6499236e+000 -6.4614428e-001  4.5762895e-001
 -7.3861850e-001  1.0243971e+000  4.6250213e-001
 -7.5883011e-001  3.9924137e+000  4.6735696e-001
 -2.6052315e-002  1.2989990e-001  4.7219324e-001
  7.4664114e-001  4.3083005e+000  4.7701078e-001
 -1.2372256e+000 -1.2666513e+000  4.8180939e-001
  5.8646108e+000  3.0134887e+000  4.8658887e-001
 -4.5910981e+000  4.4108612e+000  4.9134904e-001
  2.3821132e+000  3.1426254e+000  4.9608971e-001
 -1.0132707e+000  1.9424067e-001  5.0081069e-001
 -1.2793343e-001  3.8959633e-001  5.0551179e-001
  9.5277330e-001 -8.3208070e-001  5.1019283e-001
  1.9112925e-001 -3.8879000e-001  5.1485362e-001
 -2.7709910e+000  4.0618823e+000  5.1949397e-001
  1.1617988e+000  8.6296174e-001  5.2411371e-001
  2.9155630e+000 -2.5494703e+000  5.2871264e-001
 -1.4285631e+000  1.2565201e+000  5.3329059e-001
  2.7788123e+000  6.1931891e-001  5.3784738e-001
  1.4352934e+000  3.5499382e-001  5.4238281e-001
  1.8288467e+000 -1.1810183e-001  5.4689672e-001
 -1.6846323e-001  2.0481175e+000  5.5138892e-001
  8.1657309e-002  1.4838588e+000  5.5585924e-001
  1.7732229e+000 -1.5947675e+000  5.6030750e-001
  1.2413335e+000 -1.4414756e-001  5.6473351e-001
 -4.7355804e+000  4.9998187e-001  5.6913712e-001
  1.6708435e+000 -1.5262970e+000  5.7351813e-001
 -1.3776662e+000 -1.5820873e+000  5.7787638e-001
 -1.1197990e+000  1.2257884e+000  5.8221170e-001
  1.7090027e-001 -2.2339048e+000  5.8652391e-001
 -1.3565587e-001  2.9833540e+000  5.9081284e-001
 -2.4068428e-001  7.1266014e+000  5.9507831e-001
  3.3701219e+000 -2.0098753e+000  5.9932018e-001
  3.1649146e+000  9.6380182e-001  6.0353825e-001
 -1.8847271e+000  5.0769377e+000  6.0773237e-001
  2.6072713e-001 -1.8951983e+000  6.1190237e-001
  4.5688719e+000 -2.1739570e+000  6.1604808e-001
 -2.4852910e+000  7.0718774e-001  6.2016934e-001
  1.5355367e+000 -1.4453195e+000  6.2426599e-001
  8.2937680e-001  1.6020634e+000  6.2833786e-001
  7.3570416e-001 -2.5926730e+000  6.3238479e-001
 -4.6359606e-001 -2.0302605e+000  6.3640662e-001
 -3.2833994e+000 -2.5234113e-001  6.4040320e-001
  1.6300445e+000  4.7895647e+000  6.4437435e-001
  1.3162705e+000  2.8464494e+000  6.4831993e-001
  1.4514132e+000  2.0570673e+000  6.5223978e-001
  1.9183361e+000  5.6399230e+000  6.5613374e-001
 -1.4256068e+000  7.6813295e-001  6.6000166e-001
 -5.5774237e-001 -7.5056665e-001  6.6384339e-001
 -2.2758693e+000  1.2475563e+000  6.6765876e-001
  2.5354888e+000 -9.0721253e-001  6.7144764e-001
 -5.6588400e-001 -2.7984057e-001  6.7520987e-001
  3.6819470e-001  1.3081744e+000  6.7894530e-001
  6.9684699e-001  1.9603866e+000  6.8265378e-001
  2.9089368e+000 -7.7281091e-001  6.8633516e-001
 -2.2961539e+000 -9.3663231e-002  6.8998931e-001
 -4.2506374e+000  3.8945961e+000  6.9361607e-001
 -6.6376002e-001  1.0713777e+000  6.9721530e-001
  9.0242415e-001 -1.2274440e+000  7.0078686e-001
  1.2794925e+000  2.2928189e-002  7.0433060e-001
  1.3043978e+000  1.6053404e+000  7.0784639e-001
 -9.4091783e-001  1.1623611e+000  7.1133409e-001
 -1.3665320e+000 -3.5080099e+000  7.1479355e-001
 -8.0944529e-001  6.9126788e+000  7.1822465e-001
 -4.0421498e+000 -1.7102440e-001  7.2162723e-001
  5.7314746e+000  2.1115917e+000  7.2500118e-001
 -3.0045038e+000  2.5254593e+000  7.2834635e-001
  5.7051352e+000 -8.4694074e-001  7.3166261e-001
 -1.5170367e+000 -3.3003224e+000  7.3494983e-001
 -1.4492889e+000 -2.0169335e+000  7.3820788e-001
 -1.8692338e+000  7.4698738e-001  7.4143664e-001
  4.0108868e-001 -1.3311401e+000  7.4463596e-001
 -4.3752517e-001  3.7978426e+000  7.4780573e-001
 -1.8787692e+000 -5.1675664e-001  7.5094582e-001
  7.6812074e-001  2.5346904e+000  7.5405611e-001
 -4.4521523e+000 -1.6401587e+000  7.5713647e-001
  8.8616510e-001 -2.2780565e+000  7.6018677e-001
 -3.8777789e+000 -1.3513832e+000  7.6320691e-001
 -6.3371342e-001  3.2169163e-001  7.6619675e-001
  5.1519061e-001 -8.1765953e-001  7.6915618e-001
  6.8010824e-001  1.3787301e+000  7.7208509e-001
 -2.2417652e+000  1.6093378e+000  7.7498335e-001
  1.6471800e+000 -1.4710814e+000  7.7785085e-001
  1.4184137e+000 -1.3968334e+000  7.8068748e-001
 -4.9591425e-001 -8.1215966e-001  7.8349313e-001
  5.2660071e-001  1.0299287e-002  7.8626767e-001
 -2.3729739e+000  1.2006532e+000  7.8901101e-001
 -7.8347456e-001 -7.5856148e-002  7.9172304e-001
 -1.7017550e+000 -1.1598602e+000  7.9440364e-001
 -7.1383359e-001 -1.6581604e+000  7.9705271e-001
 -2.6007412e-002 -4.5346084e+000  7.9967015e-001
  1.2156914e+000 -5.7976704e-004  8.0225585e-001
 -1.0428953e+000 -1.6141517e+000  8.0480970e-001
  3.3413049e+000  2.8970430e-001  8.0733162e-001
  1.9384700e+000  2.0204528e+000  8.0982149e-001
  3.8211296e+000 -1.8167978e-001  8.1227922e-001
 -1.7736230e+000 -5.7071756e+000  8.1470471e-001
  1.6165923e+000  1.6192374e+000  8.1709786e-001
 -4.2054156e+000 -6.1343592e+000  8.1945859e-001
  2.9925974e+000 -1.5519581e+000  8.2178679e-001
 -6.8134813e+000 -3.6758840e+000  8.2408237e-001
  4.6675826e+000  3.3390704e+000  8.2634524e-001
 -5.0439172e+000 -5.3911557e-001  8.2857532e-001
  4.7940363e+000  2.1089034e-001  8.3077251e-001
 -3.2576303e+000  3.9416453e+000  8.3293673e-001
  6.2190419e+000  2.1873078e+000  8.3506789e-001
 -5.1330928e-002  2.5475090e+000  8.3716591e-001
  2.5423168e+000  9.6034056e-002  8.3923070e-001
  7.5876922e-002  1.3691980e+000  8.4126218e-001
  2.7474019e+000  2.8867166e-001  8.4326027e-001
 -1.6629412e+000  3.0562859e+000  8.4522489e-001
 -1.1972711e-002 -1.9082221e+000  8.4715596e-001
  1.2918236e+000  5.1418888e+000  8.4905341e-001
 -1.2303316e+000  1.0258682e+000  8.5091716e-001
  3.3986304e+000  1.3227502e+000  8.5274714e-001
 -5.2278423e+000 -4.9442126e-001  8.5454328e-001
  4.1933650e+000  2.0457774e+000  8.5630549e-001
 -2.8870839e+000  3.1366969e-001  8.5803373e-001
  1.1297665e+000  2.7589690e+000  8.5972790e-001
 -4.1755556e+000 -2.6446349e-001  8.6138795e-001
  5.3211845e+000 -9.7361282e-001  8.6301382e-001
 -1.6116905e+000 -1.0940630e+000  8.6460543e-001
  1.5788409e+000  1.9670336e+000  8.6616272e-001
 -4.1682792e+000 -1.4964136e+000  8.6768564e-001
  2.6285986e+000  5.7272180e-001  8.6917412e-001
 -1.4245057e+000 -3.9667662e+000  8.7062810e-001
  4.2512897e+000 -3.2450835e+000  8.7204753e-001
 -2.9999056e+000  2.5376205e-001  8.7343234e-001
  6.0769231e+000 -1.4359766e+000  8.7478249e-001
 -3.2072874e+000  9.7938808e-001  8.7609792e-001
  2.3498771e+000 -1.6015963e+000  8.7737858e-001
 -3.1265307e-001  3.7640503e+000  8.7862441e-001
  1.1355339e+000  2.6901316e+000  8.7983537e-001
  3.2143929e+000  4.8323014e+000  8.8101141e-001
  1.9052103e+000  2.9001437e+000  8.8215249e-001
  3.9929089e+000  3.3070997e+000  8.8325855e-001
 -4.9832693e+000  4.6572429e+000  8.8432955e-001
  2.6217492e+000 -1.6007650e+000  8.8536546e-001
  1.1506798e+000  5.5709532e+000  8.8636622e-001
 -1.1621477e+000  8.4695671e-001  8.8733181e-001
  4.7318174e+000  3.7580229e+000  8.8826218e-001
 -2.9423024e+000  6.2310281e-001  8.8915729e-001
  3.5166344e+000 -1.0410736e+000  8.9001711e-001
 -4.4375602e+000 -1.8354569e+000  8.9084161e-001
  2.1014101e+000 -3.1378687e-001  8.9163075e-001
 -2.1742211e+000 -1.6341187e+000  8.9238450e-001
  2.4113958e+000 -3.6646501e-001  8.9310283e-001
 -3.6444781e+000  1.2070603e+000  8.9378572e-001
  5.3222900e+000  1.9218373e+000  8.9443313e-001
 -5.9795970e-001  4.1265120e+000  8.9504504e-001
  3.6137817e+000 -2.4955062e-001  8.9562143e-001
 -8.2802886e-002 -3.5856273e+000  8.9616227e-001
 -4.3609213e+000  2.0083207e+000  8.9666754e-001
  4.8788983e-001  5.9335959e-002  8.9713722e-001
  1.7677921e+000 -3.0975706e+000  8.9757130e-001
 -3.6892519e+000 -2.4310200e+000  8.9796975e-001
  3.8350082e+000  1.4628049e+000  8.9833256e-001
 -1.1822444e+000 -2.8502212e+000  8.9865971e-001
  1.7184728e-001 -9.6169144e-001  8.9895120e-001
 -1.4235745e+000 -1.1186237e+000  8.9920701e-001
  3.6257531e+000 -3.0015482e+000  8.9942713e-001
 -3.9826485e+000 -6.3724290e+000  8.9961155e-001
  3.8304513e+000 -3.7655982e-001  8.9976027e-001
 -3.1569970e+000  3.6919261e-001  8.9987327e-001
  3.4406580e+000 -9.0480519e-001  8.9995056e-001
 -6.2180053e+000 -2.3146821e-001  8.9999213e-001
  6.7641088e+000  8.0870073e+000  8.9999798e-001
 -5.5812505e+000 -6.6418461e-001  8.9996811e-001
  3.1652117e+000  2.1688143e+000  8.9990252e-001
 -7.0131669e+000  3.5929655e+000  8.9980121e-001
  5.5692023e+000  1.8646624e+000  8.9966419e-001
 -2.2945947e+000 -2.0545346e+000  8.9949146e-001
  2.2205155e+000  4.0294661e+000  8.9928303e-001
 -2.3502042e+000  3.5022339e-001  8.9903891e-001
  8.4848917e+000 -2.5903617e+000  8.9875910e-001
 -7.1139472e+000  1.1331756e+000  8.9844363e-001
  3.1829731e+000 -9.9514377e-001  8.9809249e-001
 -1.5319761e+000  5.5251487e-001  8.9770571e-001
  2.2056487e+000 -2.2988822e+000  8.9728330e-001
 -2.0733353e+000  2.1443139e+000  8.9682528e-001
  3.5084425e-002 -5.0614015e+000  8.9633166e-001
  1.9211455e+000  1.1243964e+000  8.9580247e-001
  1.4237819e+000  9.1893038e-001  8.9523772e-001
  2.7478709e+000 -6.4266094e+000  8.9463744e-001
 -4.3051988e+000  1.5119518e+000  8.9400165e-001
 -1.4963697e-001  2.2907027e+000  8.9333038e-001
  1.7019446e+000 -3.6453046e+000  8.9262366e-001
  1.5854157e+000  2.1054251e-001  8.9188150e-001
 -2.5200339e+000  1.4784033e+000  8.9110395e-001
  9.6434629e-002  1.0012887e-002  8.9029103e-001
 -1.7590087e+000 -1.2738721e+000  8.8944277e-001
  3.7392795e+000 -5.6348906e+000  8.8855921e-001
  2.5052086e-001  5.7208500e-001  8.8764039e-001
  7.1829504e-001  1.0418093e+000  8.8668633e-001
  3.1315244e+000 -1.8310427e+000  8.8569708e-001
 -5.0037202e-001 -1.5302808e+000  8.8467268e-001
 -2.6515104e-001 -2.3908696e+000  8.8361317e-001
 -9.5629625e-001 -7.8481130e-001  8.8251858e-001
 -3.6972021e-001  1.2393722e+000  8.8138897e-001
  2.2296992e+000  3.5005823e-001  8.8022438e-001
 -2.3883774e+000 -1.3584962e+000  8.7902485e-001
  3.4815342e+000  2.1063662e+000  8.7779043e-001
 -1.8863444e+000 -3.7145828e-001  8.7652117e-001
  1.2116508e+000 -2.9411247e+000  8.7521713e-001
 -2.8641883e-001 -1.7185613e+000  8.7387834e-001
 -4.2796548e+000  7.6001725e-001  8.7250487e-001
  1.1781122e+000  1.0275506e+000  8.7109678e-001
  1.2583863e+000  1.0894440e+000  8.6965411e-001
 -2.3836345e+000 -1.4776574e+000  8.6817692e-001
  1.5003474e+000  2.4628806e+000  8.6666527e-001
 -6.0674646e-001 -2.2306200e+000  8.6511923e-001
  3.1790221e-001 -4.6550032e+000  8.6353885e-001
 -5.4890975e+000  6.2727699e-001  8.6192420e-001
  4.1389206e+000 -4.2157895e-002  8.6027533e-001
  3.7150283e-001  2.9710880e-001  8.5859233e-001
  1.8051915e+000 -9.1321261e-001  8.5687524e-001
  2.7706141e+000 -4.4532300e-002  8.5512415e-001
  2.5938415e-002 -4.8231394e-001  8.5333911e-001
 -1.2732496e+000 -1.4005305e+000  8.5152021e-001
 -1.3266567e+000  2.3692540e+000  8.4966751e-001
 -3.3825332e+000  4.7067357e-001  8.4778109e-001
  1.8456775e+000  1.6643717e+000  8.4586102e-001
 -8.8331967e-001  3.7602279e-001  8.4390737e-001
  1.5661443e+000 -1.5837963e+000  8.4192024e-001
 -3.4633567e+000 -3.5078208e+000  8.3989968e-001
  3.4368868e+000  2.2650190e+000  8.3784580e-001
 -6.5326120e-004 -1.2139444e+000  8.3575865e-001
  3.8129530e+000  4.6449397e+000  8.3363834e-001
 -2.6099646e+000 -4.4878341e+000  8.3148494e-001
  5.4703320e+000 -2.7525105e+000  8.2929853e-001
 -4.4598557e+000 -1.9337081e+000  8.2707922e-001
  6.2629947e+000 -2.4578128e+000  8.2482707e-001
 -3.8613161e+000  4.8185365e-001  8.2254219e-001
 -1.5039779e+000  1.8119366e+000  8.2022466e-001
  1.3194066e-001  5.2412405e+000  8.1787458e-001
 -2.0626452e+000 -4.9149933e+000  8.1549204e-001
  5.1580106e-001 -4.9536292e-001  8.1307713e-001
 -1.8900831e+000  4.6051254e+000  8.1062995e-001
  6.2085107e+000 -4.0139377e+000  8.0815059e-001
  1.2456397e+000 -2.1535876e+000  8.0563916e-001
 -2.7382827e+000 -3.0587394e+000  8.0309575e-001
  3.0174328e-001  2.0547695e+000  8.0052047e-001
 -2.9830631e+000  7.8584008e-001  7.9791342e-001
  3.8253842e+000 -2.0592726e+000  7.9527470e-001
 -1.3436185e+000 -3.2338952e-001  7.9260441e-001
  1.7517021e+000  2.3984369e+000  7.8990266e-001
  1.2748984e+000  2.8270952e+000  7.8716957e-001
  6.8252767e-001  9.8925587e-001  7.8440523e-001
  1.6097169e+000  2.1627533e+000  7.8160976e-001
 -2.0956889e+000  3.3234161e+000  7.7878326e-001
  2.4121299e+000  2.3797929e+000  7.7592586e-001
  3.1705720e-001 -2.5816108e+000  7.7303766e-001
  1.4383818e+000  3.9113364e-001  7.7011878e-001
 -2.9907532e+000  2.2026925e+000  7.6716933e-001
  1.4241897e+000 -6.7984295e-001  7.6418943e-001
  2.4155788e-001 -2.7136183e+000  7.6117920e-001
 -3.1332449e+000 -2.4971881e+000  7.5813877e-001
 -1.4274704e+000  1.7904691e+000  7.5506824e-001
 -1.4963502e+000  9.3254386e-001  7.5196774e-001
  2.0744034e+000 -2.1341229e-001  7.4883740e-001
 -2.4313157e-001  1.9298228e+000  7.4567733e-001
 -1.8950600e-004  3.1256643e+000  7.4248767e-001
  3.8623948e+000 -4.9087757e+000  7.3926854e-001
  2.7759070e+000  1.9521997e+000  7.3602007e-001
 -4.0464673e+000  8.0870022e-001  7.3274239e-001
  1.5331012e+000  2.9123115e+000  7.2943562e-001
 -1.8783097e+000 -2.0946265e+000  7.2609990e-001
  3.9080556e+000  2.3811757e+000  7.2273537e-001
 -1.7364076e+000  6.1894460e+000  7.1934215e-001
  2.7467693e+000  2.7067087e-001  7.1592038e-001
  5.2673204e-001  7.6507761e-001  7.1247019e-001
 -1.8435372e-001  3.7695593e+000  7.0899173e-001
 -2.0491274e-001  1.4507078e+000  7.0548512e-001
  2.2484595e+000 -1.5464100e+000  7.0195052e-001
 -2.6345353e+000 -5.8397887e-001  6.9838805e-001
 -1.9169071e+000  1.2855096e+000  6.9479787e-001
 -2.4951837e-001 -3.0582653e+000  6.9118011e-001
  4.8915315e-001 -2.6811010e+000  6.8753491e-001
 -3.5848997e+000  1.3265754e+000  6.8386243e-001
  2.0544318e+000 -1.1962700e-001  6.8016281e-001
 -7.5319017e-001 -3.2401034e+000  6.7643619e-001
 -2.8524125e-001 -3.0266947e+000  6.7268272e-001
 -3.4468037e+000  2.3034333e+000  6.6890256e-001
 -2.7511561e+000 -1.6926477e+000  6.6509584e-001
  2.9890506e+000 -6.3149770e-001  6.6126273e-001
  9.2620795e-001 -8.7552468e-001  6.5740337e-001
  1.1473585e+000 -1.2028373e+000  6.5351792e-001
  7.5149494e-001 -9.2091990e-002  6.4960653e-001
  1.2382904e+000  6.7641196e-001  6.4566936e-001
 -7.4861957e-001  1.5987756e+000  6.4170657e-001
  5.3621605e-001  1.7316844e+000  6.3771830e-001
 -1.0363431e+000  2.6635227e+000  6.3370472e-001
  2.6379027e+000  3.4435559e+000  6.2966599e-001
  2.9185910e+000  6.7817966e-001  6.2560227e-001
 -4.5276672e-001 -5.3227229e+000  6.2151372e-001
  1.7103186e+000 -2.6535537e+000  6.1740051e-001
 -2.0871370e+000  2.2791080e+000  6.1326278e-001
  5.3367449e-001  2.2575546e+000  6.0910072e-001
  1.9086821e+000 -3.9695167e+000  6.0491448e-001
  1.9805818e+000  9.8816563e-001  6.0070423e-001
 -3.8542058e+000  3.0502577e+000  5.9647015e-001
  1.2644596e+000 -1.7667910e+000  5.9221238e-001
  1.8915534e+000  3.1057240e+000  5.8793112e-001
 -4.5122390e+000 -8.7632714e-001  5.8362651e-001
  9.3196589e-001 -6.1348914e+000  5.7929875e-001
 -8.8157331e-001  2.7958005e+000  5.7494799e-001
 -3.1939746e+000  8.6116083e-002  5.7057441e-001
  3.2672371e+000 -1.5526681e+000  5.6617818e-001
 -3.1961161e+000 -1.2343715e+000  5.6175949e-001
 -7.0722934e-001 -5.0225916e-001  5.5731850e-001
 -2.0799158e-001 -4.6504842e+000  5.5285538e-001
  5.1958854e-001  2.2135021e+000  5.4837033e-001
 -1.7359056e+000  2.4056644e-001  5.4386351e-001
  4.6677576e+000  1.5483785e+000  5.3933510e-001
  4.3921578e-001  1.3741848e+000  5.3478529e-001
  1.0223923e-001  1.6688238e+000  5.3021425e-001
 -1.6243325e+000 -3.8725422e+000  5.2562217e-001
 -7.9119135e-001 -4.4410082e-001  5.2100923e-001
 -2.6060999e+000  2.9012089e-001  5.1637561e-001
  3.3552429e+000  9.3251855e-001  5.1172149e-001
 -1.1301958e+000  5.8595443e+000  5.0704706e-001
  7.9167909e-001  7.7179348e-001  5.0235251e-001
  3.9555305e+000 -1.5692364e+000  4.9763802e-001
 -2.3178960e-001 -1.3900160e-002  4.9290378e-001
 -9.5083304e-001  2.4972087e+000  4.8814998e-001
 -2.7485436e+000  1.6909871e+000  4.8337680e-001
  2.9458284e+000  8.1143258e-002  4.7858443e-001
  4.6063397e-001  3.3318481e-001  4.7377307e-001
  5.6914709e-001 -4.3289680e-002  4.6894291e-001
 -5.3181895e-001 -1.1043392e+000  4.6409414e-001
  2.7923608e-001 -2.9328368e+000  4.5922694e-001
  1.6110974e+000 -1.5640184e-001  4.5434152e-001
  1.4679392e+000 -5.6640332e-001  4.4943806e-001
  9.4697986e-001 -8.9720550e-001  4.4451677e-001
 -2.2928806e+000 -2.5602059e+000  4.3957784e-001
  1.2684539e+000 -1.5327365e+000  4.3462145e-001
 -2.7006557e+000 -2.0555604e-001  4.2964782e-001
  2.5193709e+000  7.3958950e+000  4.2465713e-001
 -7.2621148e-001  2.4107513e+000  4.1964960e-001
  4.2267031e+000  2.4217355e+000  4.1462540e-001
  8.1414879e-001  2.3868729e-001  4.0958475e-001
  2.0797680e+000  1.9240531e-001  4.0452784e-001
 -2.8245450e+000 -2.3845594e-001  3.9945488e-001
 -5.0282201e-001 -1.3493648e+000  3.9436606e-001
 -7.0787262e-001 -3.5386284e+000  3.8926159e-001
  2.5945245e-001  2.8063137e+000  3.8414167e-001
 -8.1097039e-001 -1.1596638e+000  3.7900650e-001
  2.1190247e+000 -3.2427520e+000  3.7385629e-001
 -1.7882932e+000  3.8782479e-002  3.6869124e-001
 -2.5828504e-002  2.3982254e-001  3.6351156e-001
  1.7351501e+000 -2.3965959e+000  3.5831745e-001
  8.5361639e-001  6.2207825e-001  3.5310912e-001
 -3.6495537e+000 -4.7465189e+000  3.4788677e-001
  2.0845669e+000 -1.8831824e+000  3.4265062e-001
 -3.1594247e+000  7.4304059e-001  3.3740087e-001
  3.3463818e-001  2.7574279e+000  3.3213772e-001
 -3.2682748e-001 -2.0499208e-001  3.2686140e-001
  7.7814861e-001  3.8119067e+000  3.2157210e-001
 -3.4597086e+000 -2.7721637e-001  3.1627004e-001
  4.0911528e+000 -1.5236748e+000  3.1095542e-001
 -1.5298541e+000  8.5996039e-001  3.0562846e-001
 -1.5385852e+000 -7.0833492e-002  3.0028937e-001
  2.1105042e+000  1.3610358e+000  2.9493837e-001
  1.5378550e+000 -2.8214972e+000  2.8957566e-001
  3.0418995e+000 -3.9948647e-001  2.8420145e-001
 -1.3607511e+000 -1.3370045e+000  2.7881596e-001
 -8.8707513e-001 -5.1717461e-001  2.7341941e-001
 -2.9961921e+000 -2.8942899e+000  2.6801201e-001
  2.3191343e+000  6.7582693e-001  2.6259397e-001
 -3.2918807e+000 -1.1048521e-001  2.5716551e-001
 -3.0845668e-001  3.5436079e-001  2.5172684e-001
  2.8978424e-001 -3.1624955e+000  2.4627817e-001
  7.7629417e-001 -6.7606919e-001  2.4081974e-001
 -1.8567432e+000 -1.4123874e+000  2.3535174e-001
 -6.2955426e-001  4.6257551e+000  2.2987441e-001
 -1.1288640e+000  2.0040230e+000  2.2438795e-001
  2.5162330e+000  2.5232877e+000  2.1889259e-001
  7.6422116e-001 -7.3661412e-001  2.1338853e-001
  2.0262405e-001  1.4151735e+000  2.0787601e-001
 -3.4121043e-001  2.7806991e-001  2.0235524e-001
  3.4237439e+000 -2.5187992e+000  1.9682643e-001
  2.1774291e-003  3.2725806e+000  1.9128982e-001
  4.5508155e-001 -1.4389578e+000  1.8574561e-001
  1.6660961e+000 -5.3292382e+000  1.8019403e-001
 -1.0640430e+000 -1.3569274e+000  1.7463530e-001
 -2.1860255e+000  5.9136622e-002  1.6906963e-001
  5.5161537e-001 -6.3389341e-002  1.6349726e-001
 -5.8617981e-001 -4.2055880e+000  1.5791840e-001
 -4.7711440e-001 -8.1895959e-002  1.5233327e-001
 -1.1656626e+000  2.4166321e+000  1.4674209e-001
 -2.3409033e-001 -1.9330271e+000  1.4114509e-001
  1.5198737e+000 -3.6278979e-001  1.3554249e-001
 -4.4173829e-001  5.9227505e-001  1.2993450e-001
  1.2870072e+000 -5.9705326e+000  1.2432136e-001
 -6.7344574e-002  6.2164200e+000  1.1870329e-001
 -2.3129118e+000  8.5440309e-001  1.1308050e-001
  5.0206129e+000  1.0740560e-001  1.0745323e-001
  2.0585876e+000  3.5299573e-001  1.0182169e-001
 -1.1235157e+000  1.6697629e+000  9.6186112e-002
  4.1400955e+000 -1.9594270e+000  9.0546715e-002
  3.4521760e+000 -2.2781265e+000  8.4903723e-002
 -2.0667772e+000 -5.8821157e-001  7.9257362e-002
 -1.6645220e+000  8.9813482e-001  7.3607856e-002
 -1.3970355e+000 -3.8360419e+000  6.7955428e-002
  3.5752417e+000  2.4454112e+000  6.2300302e-002
 -3.1542415e+000 -1.1817477e+000  5.6642704e-002
  2.2681614e+000 -2.3444841e+000  5.0982858e-002
 -1.4752570e+000 -2.1135733e+000  4.5320989e-002
 -1.0524656e+000  3.5551392e+000  3.9657320e-002
 -2.7053354e+000 -1.1941521e+000  3.3992078e-002
  1.5895878e+000  1.2178178e+000  2.8325486e-002
  4.9612934e-001 -3.6644518e+000  2.2657771e-002
  2.0251603e+000 -1.7018742e+000  1.6989156e-002
 -2.4439128e+000  4.5046781e-001  1.1319866e-002
 -1.4557125e+000  6.5828757e-001  5.6501276e-003
 -3.1638095e+000  4.0040045e+000 -1.9835308e-005
 -9.4190344e-001 -3.6835674e+000 -5.6897974e-003
  5.5964369e+000  2.8815166e+000 -1.1359534e-002
 -2.2519715e+000 -9.0382710e-001 -1.7028819e-002
  2.6546492e+000 -2.2296912e+000 -2.2697429e-002
