  -1.4226000e+02
  -1.0679000e+02
  -1.0850000e+02
  -9.6700000e+01
  -1.4327000e+02
  -1.0817000e+02
  -1.0341000e+02
  -1.0480000e+02
  -1.0235000e+02
  -1.0841000e+02
  -9.8890000e+01
  -1.4620000e+02
  -1.1005000e+02
  -9.9440000e+01
  -1.4691000e+02
  -1.1046000e+02
  -9.7930000e+01
  -1.4447000e+02
  -1.0836000e+02
  -1.0140000e+02
  -1.0739000e+02
  -9.9170000e+01
  -1.4605000e+02
  -1.0983000e+02
  -9.9960000e+01
  -1.4659000e+02
  -1.1059000e+02
  -9.8440000e+01
  -1.4403000e+02
  -1.0825000e+02
  -1.0150000e+02
  -1.1090000e+02
  -9.7910000e+01
  -1.4494000e+02
  -1.0782000e+02
  -1.0161000e+02
  -1.0709000e+02
  -1.0035000e+02
  -1.4767000e+02
  -1.1161000e+02
  -9.7370000e+01
  -1.4397000e+02
  -1.0854000e+02
  -1.0159000e+02
  -1.1052000e+02
  -9.7560000e+01
  -1.4486000e+02
  -1.0890000e+02
  -1.0274000e+02
  -1.0993000e+02
  -9.8680000e+01
  -1.4462000e+02
  -1.0942000e+02
  -1.0045000e+02
  -1.5048000e+02
  -1.1327000e+02
  -9.4290000e+01
  -1.4169000e+02
  -1.0760000e+02
  -1.0492000e+02
  -1.0136000e+02
  -1.1736000e+02
  -9.3880000e+01
  -1.4280000e+02
  -1.0835000e+02
  -1.0640000e+02
  -9.9860000e+01
  -1.4777000e+02
  -1.1118000e+02
  -9.7270000e+01
  -1.4354000e+02
  -1.0815000e+02
  -1.0146000e+02
  -1.0667000e+02
  -1.0046000e+02
  -1.4907000e+02
  -1.1225000e+02
  -9.6060000e+01
  -1.4326000e+02
  -1.0864000e+02
  -1.0308000e+02
  -1.0509000e+02
  -1.0168000e+02
  -1.0818000e+02
  -9.8210000e+01
  -1.4617000e+02
  -1.1008000e+02
  -9.9210000e+01
  -1.4714000e+02
  -1.1062000e+02
  -9.8220000e+01
  -1.4527000e+02
  -1.0922000e+02
  -1.0079000e+02
  -1.5291000e+02
  -1.1660000e+02
  -9.4120000e+01
  -1.4181000e+02
  -1.0648000e+02
  -1.0597000e+02
  -9.8650000e+01
  -1.4539000e+02
  -1.0968000e+02
  -9.8240000e+01
  -1.4479000e+02
  -1.1006000e+02
  -9.9710000e+01
  -1.4468000e+02
  -1.0964000e+02
  -9.8800000e+01
  -1.4538000e+02
  -1.1002000e+02
  -9.8360000e+01
  -1.4428000e+02
  -1.0815000e+02
  -9.8930000e+01
  -1.4550000e+02
  -1.1062000e+02
  -9.7570000e+01
  -1.4291000e+02
  -1.0792000e+02
  -1.0020000e+02
  -1.5033000e+02
  -1.1369000e+02
  -9.3380000e+01
  -1.4116000e+02
  -1.0750000e+02
  -1.0520000e+02
  -1.0134000e+02
  -1.1751000e+02
  -9.4520000e+01
  -1.4174000e+02
  -1.0822000e+02
  -1.0475000e+02
  -1.0165000e+02
  -1.1032000e+02
  -9.6930000e+01
  -1.4479000e+02
  -1.0919000e+02
  -1.0126000e+02
  -1.5227000e+02
  -1.1519000e+02
  -9.4110000e+01
  -1.4198000e+02
  -1.0759000e+02
  -1.0442000e+02
  -1.0073000e+02
  -1.1511000e+02
  -9.5790000e+01
  -1.4265000e+02
  -1.0829000e+02
  -1.0304000e+02
  -1.0296000e+02
  -1.0635000e+02
  -1.0196000e+02
  -1.5885000e+02
  -1.2123000e+02
  -9.3620000e+01
  -1.4271000e+02
  -1.0796000e+02
  -1.0491000e+02
  -1.0119000e+02
  -1.1356000e+02
  -9.5920000e+01
  -1.4385000e+02
  -1.0908000e+02
  -1.0193000e+02
  -1.0637000e+02
  -1.0126000e+02
  -1.5259000e+02
  -1.1547000e+02
  -9.5010000e+01
  -1.4207000e+02
  -1.0832000e+02
  -1.0340000e+02
  -1.0335000e+02
  -1.0597000e+02
  -1.0148000e+02
  -1.1101000e+02
  -9.7530000e+01
  -1.4517000e+02
  -1.1005000e+02
  -1.0086000e+02
  -1.5174000e+02
  -1.1574000e+02
  -9.4710000e+01
  -1.4262000e+02
  -1.0768000e+02
  -1.0307000e+02
  -1.0260000e+02
  -1.0688000e+02
  -1.0150000e+02
  -1.5333000e+02
  -1.1568000e+02
  -9.4330000e+01
  -1.4219000e+02
  -1.0850000e+02
  -1.0356000e+02
  -1.0311000e+02
  -1.0486000e+02
  -1.0276000e+02
  -1.0835000e+02
  -9.9630000e+01
  -1.4609000e+02
  -1.1084000e+02
  -9.8510000e+01
  -1.4434000e+02
  -1.1022000e+02
  -9.9540000e+01
  -1.4568000e+02
  -1.1093000e+02
  -9.7280000e+01
  -1.4373000e+02
  -1.0866000e+02
  -1.0093000e+02
  -1.4860000e+02
  -1.1373000e+02
  -9.6340000e+01
  -1.4214000e+02
  -1.0810000e+02
  -1.0310000e+02
  -1.0605000e+02
  -1.0221000e+02
  -1.1303000e+02
  -9.6130000e+01
  -1.4364000e+02
  -1.0892000e+02
  -1.0197000e+02
  -1.1038000e+02
  -9.8240000e+01
  -1.4436000e+02
  -1.1033000e+02
  -1.0015000e+02
  -1.4682000e+02
  -1.1095000e+02
  -9.7000000e+01
  -1.4350000e+02
  -1.0952000e+02
  -1.0114000e+02
  -1.4835000e+02
  -1.1266000e+02
  -9.5020000e+01
  -1.4281000e+02
  -1.0938000e+02
  -1.0242000e+02
  -1.0840000e+02
  -9.9210000e+01
  -1.4575000e+02
  -1.1198000e+02
  -9.8450000e+01
  -1.4377000e+02
  -1.0939000e+02
  -9.9570000e+01
  -1.4550000e+02
  -1.1089000e+02
  -9.7080000e+01
  -1.4238000e+02
  -1.0868000e+02
  -1.0043000e+02
  -1.4815000e+02
  -1.1194000e+02
  -9.5010000e+01
  -1.4179000e+02
  -1.0803000e+02
  -1.0237000e+02
  -1.0810000e+02
  -9.9180000e+01
  -1.4503000e+02
  -1.1060000e+02
  -9.8740000e+01
  -1.4494000e+02
  -1.1099000e+02
  -9.8260000e+01
  -1.4473000e+02
  -1.1065000e+02
  -9.8550000e+01
  -1.4418000e+02
  -1.0917000e+02
  -9.9060000e+01
  -1.4400000e+02
  -1.1108000e+02
  -9.8360000e+01
  -1.4361000e+02
  -1.0912000e+02
  -1.0004000e+02
  -1.4584000e+02
  -1.1124000e+02
  -9.7300000e+01
  -1.4310000e+02
  -1.0952000e+02
  -1.0009000e+02
  -1.4660000e+02
  -1.1155000e+02
  -9.6000000e+01
  -1.4242000e+02
  -1.0852000e+02
  -1.0069000e+02
  -1.5552000e+02
  -1.1983000e+02
  -9.3560000e+01
  -1.4120000e+02
  -1.0830000e+02
  -1.0434000e+02
  -1.0259000e+02
  -1.0440000e+02
  -1.0242000e+02
  -1.0952000e+02
  -9.9210000e+01
  -1.4527000e+02
  -1.1012000e+02
  -9.8930000e+01
  -1.4513000e+02
  -1.1107000e+02
  -9.8730000e+01
  -1.4348000e+02
  -1.1010000e+02
  -9.9080000e+01
  -1.4491000e+02
  -1.1001000e+02
  -9.6960000e+01
  -1.4321000e+02
  -1.0982000e+02
  -9.9630000e+01
  -1.4485000e+02
  -1.1033000e+02
  -9.7470000e+01
  -1.4397000e+02
  -1.1014000e+02
  -9.9190000e+01
  -1.4485000e+02
  -1.1003000e+02
  -9.7390000e+01
  -1.4368000e+02
  -1.0955000e+02
  -9.8930000e+01
  -1.4495000e+02
  -1.1047000e+02
  -9.7880000e+01
  -1.4366000e+02
  -1.0936000e+02
  -9.9320000e+01
  -1.4527000e+02
  -1.1081000e+02
  -9.7130000e+01
  -1.4311000e+02
  -1.0848000e+02
  -9.9900000e+01
  -1.4754000e+02
  -1.1228000e+02
  -9.6630000e+01
  -1.4164000e+02
  -1.0734000e+02
  -1.0098000e+02
  -1.1691000e+02
  -9.7280000e+01
  -1.4218000e+02
  -1.0863000e+02
  -1.0106000e+02
  -1.5231000e+02
  -1.1693000e+02
  -9.4220000e+01
  -1.4060000e+02
  -1.0704000e+02
  -1.0164000e+02
  -1.0595000e+02
  -1.0154000e+02
  -1.5367000e+02
  -1.1679000e+02
  -9.3980000e+01
  -1.4242000e+02
  -1.0839000e+02
  -1.0229000e+02
  -1.0586000e+02
  -1.0051000e+02
  -1.4964000e+02
  -1.1453000e+02
  -9.5540000e+01
  -1.4224000e+02
  -1.0865000e+02
  -1.0183000e+02
  -1.1200000e+02
  -9.7500000e+01
  -1.4403000e+02
  -1.0956000e+02
  -9.9850000e+01
  -1.4627000e+02
  -1.1185000e+02
  -9.6920000e+01
  -1.4236000e+02
  -1.0965000e+02
  -1.0100000e+02
  -1.4598000e+02
  -1.1143000e+02
  -9.6210000e+01
  -1.4229000e+02
  -1.1000000e+02
  -1.0112000e+02
  -1.4784000e+02
  -1.1250000e+02
  -9.5570000e+01
  -9.5560000e+01
