   325.8
   342.5
   324.3
   278.8
   348.2
   354.1
   368.8
   315.4
   387.6
   406.5
   377.8
   333.7
   386.3
   390.3
   364.2
   339.5
   394.3
   387.8
   348.6
   282.9
   292.4
   317.7
   342.4
   302.5
   380.2
   420.8
   438.0
   387.8
   436.3
   415.2
   404.1
   334.7
   327.3
   348.6
   354.9
   325.4
   344.1
   356.0
   388.7
   363.2
   429.6
   459.6
   482.9
   402.4
   471.3
   492.3
   480.1
   397.0
   444.7
   464.9
   444.3
   394.0
   390.3
   423.5
   421.0
   364.1
   443.4
   451.9
   459.2
   420.7
   475.9
   536.8
   516.2
   415.6
   462.4
   504.2
   500.7
   437.7
   473.3
   488.9
   406.1
   371.7
   367.4
   410.5
   425.0
   405.0
   472.4
   527.9
   465.3
   457.7
   499.1
   544.9
   497.2
   384.3
   449.5
   477.4
   396.4
   335.7
   380.6
   434.6
   422.0
   360.4
   412.3
   410.7
   372.5
   366.4
   392.0
   461.2
   390.2
   341.5
   347.7
   364.7
   448.1
   361.2
   399.7
   133.8
   494.1
   283.3
   252.8
   261.1
   277.2
   280.8
   304.5
   344.0
   279.9
   255.6
   246.0
   289.6
   274.9
   251.3
   289.5
   316.6
   259.6
   262.4
   286.0
   291.8
   257.1
   280.4
   275.0
   297.2
   282.2
   251.2
   245.4
   278.3
   275.2
   268.5
   302.2
   361.5
   330.2
   302.3
   347.8
   388.0
   345.0
   309.5
   315.3
   352.0
   322.1
   319.2
   305.1
   253.3
   298.7
   256.7
   267.0
   303.7
   265.9
   227.0
   220.8
