  9.7171681e-001  2.0000000e+000 -2.1707319e-003
  1.5854585e+000  2.0000000e+000 -8.4798483e-003
 -1.4584295e+000  2.0000000e+000 -1.8629181e-002
 -1.1883012e-001  2.0000000e+000 -3.2329104e-002
 -3.6334137e-001  2.0000000e+000 -4.9298456e-002
 -3.8670440e-002  2.0000000e+000 -6.9264464e-002
 -4.8715476e-001  2.0000000e+000 -9.1962671e-002
 -1.4663379e+000  2.0000000e+000 -1.1713685e-001
  3.7800583e-001  2.0000000e+000 -1.4453895e-001
  1.0502470e+000  2.0000000e+000 -1.7392897e-001
  1.2334747e+000  2.0000000e+000 -2.0507493e-001
  1.0680550e+000  2.0000000e+000 -2.3775276e-001
 -2.4943910e-001  2.0000000e+000 -2.7174622e-001
 -7.0702469e-001  2.0000000e+000 -3.0684683e-001
 -8.8612675e-001  2.0000000e+000 -3.4285377e-001
 -3.1219782e-001  2.0000000e+000 -3.7957381e-001
 -1.2632150e+000  2.0000000e+000 -4.1682118e-001
 -2.2671080e-001  2.0000000e+000 -4.5441754e-001
  3.4966803e-001  2.0000000e+000 -4.9219185e-001
 -6.4126234e-001  2.0000000e+000 -5.2998029e-001
 -9.0749708e-001  2.0000000e+000 -5.6762615e-001
  6.9847029e-001  2.0000000e+000 -6.0497976e-001
 -5.6468561e-001  2.0000000e+000 -6.4189836e-001
 -1.8247976e+000  2.0000000e+000 -6.7824604e-001
 -1.0368389e-001  2.0000000e+000 -7.1389359e-001
 -2.6710845e+000  2.0000000e+000 -7.4871845e-001
 -1.6440224e+000  2.0000000e+000 -7.8260456e-001
 -8.6893093e-001  2.0000000e+000 -8.1544229e-001
 -4.7273153e-001  2.0000000e+000 -8.4712830e-001
 -1.9874078e+000  2.0000000e+000 -8.7756545e-001
 -1.5406387e+000  2.0000000e+000 -9.0666270e-001
 -1.4823736e+000  2.0000000e+000 -9.3433496e-001
 -3.3765620e-001  2.0000000e+000 -9.6050304e-001
 -1.3453250e+000  2.0000000e+000 -9.8509345e-001
 -1.9986013e+000  2.0000000e+000 -1.0080384e+000
 -6.6805977e-001  2.0000000e+000 -1.0292755e+000
 -6.8759858e-001  2.0000000e+000 -1.0487479e+000
 -1.8362269e+000  2.0000000e+000 -1.0664039e+000
 -1.9134148e+000  2.0000000e+000 -1.0821970e+000
 -7.5591564e-001  2.0000000e+000 -1.0960858e+000
  2.5970440e-002  2.0000000e+000 -1.1080337e+000
 -2.2459664e+000  2.0000000e+000 -1.1180090e+000
 -1.1619476e+000  2.0000000e+000 -1.1259847e+000
 -7.8257548e-001  2.0000000e+000 -1.1319381e+000
 -1.0066571e+000  2.0000000e+000 -1.1358512e+000
 -5.9068825e-001  2.0000000e+000 -1.1377101e+000
 -1.3753401e+000  2.0000000e+000 -1.1375052e+000
 -1.6661911e+000  2.0000000e+000 -1.1352309e+000
 -1.8046478e+000  2.0000000e+000 -1.1308855e+000
 -1.7675041e+000  2.0000000e+000 -1.1244711e+000
 -1.1263462e+000  2.0000000e+000 -1.1159935e+000
 -9.9741905e-002  2.0000000e+000 -1.1054620e+000
  1.0288136e+000  2.0000000e+000 -1.0928893e+000
 -6.1692633e-001  2.0000000e+000 -1.0782914e+000
 -8.3192637e-001  2.0000000e+000 -1.0616875e+000
 -6.3206160e-001  2.0000000e+000 -1.0430999e+000
 -2.1444025e+000  2.0000000e+000 -1.0225536e+000
 -2.1911445e+000  2.0000000e+000 -1.0000766e+000
 -5.7587632e-001  2.0000000e+000 -9.7569944e-001
 -1.5173985e+000  2.0000000e+000 -9.4945533e-001
 -1.0657597e+000  2.0000000e+000 -9.2137979e-001
 -1.7366831e+000  2.0000000e+000 -8.9151068e-001
 -8.1809671e-001  2.0000000e+000 -8.5988806e-001
  2.0769407e-001  2.0000000e+000 -8.2655404e-001
  5.1259348e-001  2.0000000e+000 -7.9155267e-001
 -1.5191729e+000  2.0000000e+000 -7.5492984e-001
 -1.3704923e+000  2.0000000e+000 -7.1673315e-001
  5.5838671e-001  2.0000000e+000 -6.7701181e-001
 -8.4231098e-001  2.0000000e+000 -6.3581652e-001
  1.2524954e-001  2.0000000e+000 -5.9319934e-001
  2.8544723e-001  2.0000000e+000 -5.4921361e-001
 -1.0569276e+000  2.0000000e+000 -5.0391384e-001
 -1.0789283e-001  2.0000000e+000 -4.5735557e-001
 -1.6272812e-001  2.0000000e+000 -4.0959531e-001
 -3.7994888e-001  2.0000000e+000 -3.6069041e-001
 -4.6527771e-001  2.0000000e+000 -3.1069896e-001
 -6.6472673e-001  2.0000000e+000 -2.5967972e-001
 -5.7399466e-001  2.0000000e+000 -2.0769197e-001
 -4.8186957e-002  2.0000000e+000 -1.5479545e-001
 -3.0992970e-001  2.0000000e+000 -1.0105029e-001
 -5.5209956e-001  2.0000000e+000 -4.6516845e-002
 -1.3767786e+000  2.0000000e+000  8.7443119e-003
  9.0710616e-001  2.0000000e+000  6.4672530e-002
 -2.4432319e-001  2.0000000e+000  1.2120715e-001
 -1.0688539e+000  2.0000000e+000  1.7828757e-001
 -5.9055412e-001  2.0000000e+000  2.3585336e-001
 -9.4800760e-001  2.0000000e+000  2.9384432e-001
 -3.8338167e-001  2.0000000e+000  3.5220055e-001
  1.7131555e+000 -2.0000000e+000  4.1231823e-001
  3.0270068e-001 -2.0000000e+000  4.7975715e-001
  8.3381279e-001 -2.0000000e+000  5.5536139e-001
 -6.5986392e-001 -2.0000000e+000  6.3848520e-001
  1.5147260e+000 -2.0000000e+000  7.2850049e-001
  9.6818210e-002 -2.0000000e+000  8.2479677e-001
  7.8373993e-001 -2.0000000e+000  9.2678098e-001
  1.1389145e+000 -2.0000000e+000  1.0338775e+000
  8.6873871e-001 -2.0000000e+000  1.1455279e+000
 -2.6763263e-001 -2.0000000e+000  1.2611909e+000
  1.5500392e+000 -2.0000000e+000  1.3803426e+000
  1.4016413e+000 -2.0000000e+000  1.5024755e+000
  6.8911492e-001 -2.0000000e+000  1.6270995e+000
  2.6711532e+000 -2.0000000e+000  1.7537408e+000
  1.5711305e+000 -2.0000000e+000  1.8819423e+000
  2.1944488e+000 -2.0000000e+000  2.0112634e+000
  3.2494671e+000 -2.0000000e+000  2.1412797e+000
  2.7776335e+000 -2.0000000e+000  2.2715832e+000
  1.9157727e+000 -2.0000000e+000  2.4017816e+000
  2.5259771e+000 -2.0000000e+000  2.5314985e+000
  3.8446233e+000 -2.0000000e+000  2.6603735e+000
  2.1450855e+000 -2.0000000e+000  2.7880613e+000
  3.4110912e+000 -2.0000000e+000  2.9142322e+000
  2.9728924e+000 -2.0000000e+000  3.0385717e+000
  1.7505037e+000 -2.0000000e+000  3.1607802e+000
  3.8053460e+000 -2.0000000e+000  3.2805728e+000
  1.0999596e+000 -2.0000000e+000  3.3976795e+000
  5.0492568e+000 -2.0000000e+000  3.5118444e+000
  3.2953532e+000 -2.0000000e+000  3.6228261e+000
  3.6013141e+000 -2.0000000e+000  3.7303968e+000
  4.9552082e+000 -2.0000000e+000  3.8343430e+000
  4.0794242e+000 -2.0000000e+000  3.9344643e+000
  3.7745121e+000 -2.0000000e+000  4.0305739e+000
  3.8568893e+000 -2.0000000e+000  4.1224980e+000
  4.6799661e+000 -2.0000000e+000  4.2100757e+000
  4.8525065e+000 -2.0000000e+000  4.2931589e+000
  4.4968771e+000 -2.0000000e+000  4.3716116e+000
  4.5149788e+000 -2.0000000e+000  4.4453102e+000
  3.6618939e+000 -2.0000000e+000  4.5141429e+000
  3.6166787e+000 -2.0000000e+000  4.5780096e+000
  5.1857131e+000 -2.0000000e+000  4.6368217e+000
  3.9417166e+000 -2.0000000e+000  4.6905014e+000
  4.7569405e+000 -2.0000000e+000  4.7389823e+000
  4.9446346e+000 -2.0000000e+000  4.7822081e+000
  3.7751190e+000 -2.0000000e+000  4.8201333e+000
  5.0610570e+000 -2.0000000e+000  4.8527221e+000
  5.4210824e+000 -2.0000000e+000  4.8799489e+000
  5.9501626e+000 -2.0000000e+000  4.9017973e+000
  4.7721961e+000 -2.0000000e+000  4.9182603e+000
  5.0288388e+000 -2.0000000e+000  4.9293400e+000
  4.8148485e+000 -2.0000000e+000  4.9350471e+000
  4.8932248e+000 -2.0000000e+000  4.9354007e+000
  4.8326075e+000 -2.0000000e+000  4.9304283e+000
  5.1611477e+000 -2.0000000e+000  4.9201649e+000
  5.3858150e+000 -2.0000000e+000  4.9046535e+000
  5.4482040e+000 -2.0000000e+000  4.8839441e+000
  5.1573873e+000 -2.0000000e+000  4.8580940e+000
  5.0433923e+000 -2.0000000e+000  4.8271672e+000
  5.6676062e+000 -2.0000000e+000  4.7912340e+000
  4.5006062e+000 -2.0000000e+000  4.7503711e+000
  3.2597490e+000 -2.0000000e+000  4.7046612e+000
  5.2806573e+000 -2.0000000e+000  4.6541924e+000
  4.1651454e+000 -2.0000000e+000  4.5990585e+000
  4.7429330e+000 -2.0000000e+000  4.5393583e+000
  3.9700322e+000 -2.0000000e+000  4.4751953e+000
  4.1684031e+000 -2.0000000e+000  4.4066776e+000
  5.5369527e+000 -2.0000000e+000  4.3339180e+000
  4.3236388e+000 -2.0000000e+000  4.2570328e+000
  2.7405658e+000 -2.0000000e+000  4.1761424e+000
  3.7311120e+000 -2.0000000e+000  4.0913706e+000
  4.0712393e+000 -2.0000000e+000  4.0028447e+000
  3.8621830e+000 -2.0000000e+000  3.9106948e+000
  4.9885417e+000 -2.0000000e+000  3.8150537e+000
  3.7679394e+000 -2.0000000e+000  3.7160570e+000
  3.2297594e+000 -2.0000000e+000  3.6138424e+000
  2.9090342e+000 -2.0000000e+000  3.5085497e+000
  5.0266343e+000 -2.0000000e+000  3.4003205e+000
  3.1160877e+000 -2.0000000e+000  3.2892979e+000
  4.3549967e+000 -2.0000000e+000  3.1756265e+000
  3.3643530e+000 -2.0000000e+000  3.0594519e+000
  1.3407179e+000 -2.0000000e+000  2.9409207e+000
  1.1131112e+000 -2.0000000e+000  2.8201802e+000
  2.1235569e+000 -2.0000000e+000  2.6973781e+000
  1.9305797e+000 -2.0000000e+000  2.5726625e+000
  2.7377622e+000 -2.0000000e+000  2.4461815e+000
  1.6620995e+000 -2.0000000e+000  2.3180831e+000
  2.3388309e+000 -2.0000000e+000  2.1885150e+000
  1.7272645e+000 -2.0000000e+000  2.0576246e+000
  1.7947747e+000 -2.0000000e+000  1.9255584e+000
  8.6648860e-001 -2.0000000e+000  1.7924620e+000
  2.7270577e+000 -2.0000000e+000  1.6584804e+000
  9.6643761e-001 -2.0000000e+000  1.5237570e+000
  8.1195677e-001 -2.0000000e+000  1.3884340e+000
  1.5389846e-001 -2.0000000e+000  1.2526524e+000
  1.9654754e+000 -2.0000000e+000  1.1165510e+000
  4.8278776e-001 -2.0000000e+000  9.8026749e-001
  6.5139273e-001 -2.0000000e+000  8.4393713e-001
  1.6555818e+000 -2.0000000e+000  7.0769339e-001
  8.3140103e-001 -2.0000000e+000  5.7166753e-001
 -9.0212095e-001 -2.0000000e+000  4.3598851e-001
  1.9450005e+000 -2.0000000e+000  3.0078291e-001
 -1.3478442e-001 -2.0000000e+000  1.6617478e-001
  9.6029224e-001 -2.0000000e+000  3.2285573e-002
 -8.8083484e-001 -2.0000000e+000 -1.0076597e-001
 -3.0188162e-001 -2.0000000e+000 -2.3286393e-001
 -3.6512871e-001 -2.0000000e+000 -3.6389525e-001
  1.2779720e+000 -2.0000000e+000 -4.9374986e-001
 -3.3096928e-001 -2.0000000e+000 -6.2232075e-001
 -2.4244324e+000  2.0000000e+000 -7.5095971e-001
 -4.9181375e-003  2.0000000e+000 -8.8518490e-001
 -1.1547627e+000  2.0000000e+000 -1.0258015e+000
 -9.7217158e-002  2.0000000e+000 -1.1721274e+000
 -1.3350093e+000  2.0000000e+000 -1.3235013e+000
 -1.5006154e+000  2.0000000e+000 -1.4792816e+000
 -4.6307221e-001  2.0000000e+000 -1.6388473e+000
 -3.5575291e-001  2.0000000e+000 -1.8015971e+000
 -2.0603060e+000  2.0000000e+000 -1.9669498e+000
 -3.9417846e+000  2.0000000e+000 -2.1343439e+000
 -1.1127309e+000  2.0000000e+000 -2.3032375e+000
 -2.8309603e+000  2.0000000e+000 -2.4731083e+000
 -2.4209942e+000  2.0000000e+000 -2.6434532e+000
 -4.2059632e+000  2.0000000e+000 -2.8137882e+000
 -3.8773213e+000  2.0000000e+000 -2.9836486e+000
 -4.6391666e+000  2.0000000e+000 -3.1525882e+000
 -3.3987604e+000  2.0000000e+000 -3.3201797e+000
 -4.5200846e+000  2.0000000e+000 -3.4860142e+000
 -4.2401621e+000  2.0000000e+000 -3.6497009e+000
 -1.7360637e+000  2.0000000e+000 -3.8108673e+000
 -5.3074805e+000  2.0000000e+000 -3.9691586e+000
 -2.8723199e+000  2.0000000e+000 -4.1242377e+000
 -4.2090972e+000  2.0000000e+000 -4.2757851e+000
 -5.0158708e+000  2.0000000e+000 -4.4234980e+000
 -4.7595488e+000  2.0000000e+000 -4.5670911e+000
 -6.5699060e+000  2.0000000e+000 -4.7062954e+000
 -3.8797922e+000  2.0000000e+000 -4.8408587e+000
 -6.5907429e+000  2.0000000e+000 -4.9705446e+000
 -5.9068178e+000  2.0000000e+000 -5.0951331e+000
 -5.9891382e+000  2.0000000e+000 -5.2144196e+000
 -5.8690828e+000  2.0000000e+000 -5.3282149e+000
 -4.4154930e+000  2.0000000e+000 -5.4363450e+000
 -3.9460502e+000  2.0000000e+000 -5.5386507e+000
 -6.7855488e+000  2.0000000e+000 -5.6349875e+000
 -6.7689506e+000  2.0000000e+000 -5.7252249e+000
 -5.5883686e+000  2.0000000e+000 -5.8092466e+000
 -5.8852318e+000  2.0000000e+000 -5.8869499e+000
 -6.4267926e+000  2.0000000e+000 -5.9582453e+000
 -5.5308055e+000  2.0000000e+000 -6.0230566e+000
 -6.1463895e+000  2.0000000e+000 -6.0813201e+000
 -5.5407699e+000  2.0000000e+000 -6.1329848e+000
 -6.3328275e+000  2.0000000e+000 -6.1780114e+000
 -6.0864166e+000  2.0000000e+000 -6.2163728e+000
 -7.7076168e+000  2.0000000e+000 -6.2480531e+000
 -6.8311721e+000  2.0000000e+000 -6.2730476e+000
 -6.3604069e+000  2.0000000e+000 -6.2913623e+000
 -8.0241236e+000  2.0000000e+000 -6.3030139e+000
 -5.2790528e+000  2.0000000e+000 -6.3080289e+000
 -6.1852341e+000  2.0000000e+000 -6.3064439e+000
 -7.1222327e+000  2.0000000e+000 -6.2983048e+000
 -6.5298228e+000  2.0000000e+000 -6.2836667e+000
 -6.4457136e+000  2.0000000e+000 -6.2625935e+000
 -5.5271199e+000  2.0000000e+000 -6.2351576e+000
 -6.7754054e+000  2.0000000e+000 -6.2014394e+000
 -6.5266469e+000  2.0000000e+000 -6.1615272e+000
 -5.9247822e+000  2.0000000e+000 -6.1155168e+000
 -5.1392150e+000  2.0000000e+000 -6.0635110e+000
 -5.5307223e+000  2.0000000e+000 -6.0056196e+000
 -4.9256687e+000  2.0000000e+000 -5.9419586e+000
 -4.8478127e+000  2.0000000e+000 -5.8726505e+000
 -5.3782777e+000  2.0000000e+000 -5.7978232e+000
 -5.8227907e+000  2.0000000e+000 -5.7176105e+000
 -5.1842308e+000  2.0000000e+000 -5.6321512e+000
 -4.4890806e+000  2.0000000e+000 -5.5415888e+000
 -6.1762449e+000  2.0000000e+000 -5.4460717e+000
 -5.6275029e+000  2.0000000e+000 -5.3457522e+000
 -5.0471952e+000  2.0000000e+000 -5.2407868e+000
 -4.4358566e+000  2.0000000e+000 -5.1313354e+000
 -6.0888781e+000  2.0000000e+000 -5.0175613e+000
 -4.8859269e+000  2.0000000e+000 -4.8996309e+000
 -6.1428056e+000  2.0000000e+000 -4.7777133e+000
 -3.5089293e+000  2.0000000e+000 -4.6519800e+000
 -4.9300021e+000  2.0000000e+000 -4.5226046e+000
 -6.0518506e+000  2.0000000e+000 -4.3897628e+000
 -3.9392183e+000  2.0000000e+000 -4.2536316e+000
 -4.0641437e+000  2.0000000e+000 -4.1143898e+000
 -4.0705660e+000  2.0000000e+000 -3.9722167e+000
 -4.6287982e+000  2.0000000e+000 -3.8272929e+000
 -3.5544851e+000  2.0000000e+000 -3.6797994e+000
 -3.7882634e+000  2.0000000e+000 -3.5299174e+000
 -1.8890567e+000  2.0000000e+000 -3.3778283e+000
 -3.4854272e+000  2.0000000e+000 -3.2237134e+000
 -2.4913894e+000  2.0000000e+000 -3.0677536e+000
 -3.4930525e+000  2.0000000e+000 -2.9101290e+000
 -3.2691753e+000  2.0000000e+000 -2.7510191e+000
 -1.7703324e+000  2.0000000e+000 -2.5906023e+000
 -1.9707975e+000  2.0000000e+000 -2.4290556e+000
 -2.4298579e+000  2.0000000e+000 -2.2665549e+000
 -2.4373698e+000  2.0000000e+000 -2.1032742e+000
 -3.0052545e+000  2.0000000e+000 -1.9393856e+000
 -1.1645450e+000  2.0000000e+000 -1.7750596e+000
 -2.7650159e+000  2.0000000e+000 -1.6104642e+000
 -2.3278087e+000  2.0000000e+000 -1.4457650e+000
  4.0888030e-001  2.0000000e+000 -1.2811255e+000
 -1.2564105e+000  2.0000000e+000 -1.1167062e+000
 -2.5486278e-001  2.0000000e+000 -9.5266501e-001
  3.5649288e-002  2.0000000e+000 -7.8915675e-001
 -3.5457267e-001  2.0000000e+000 -6.2633329e-001
 -7.9131220e-001  2.0000000e+000 -4.6434329e-001
 -1.4064713e+000  2.0000000e+000 -3.0333209e-001
 -3.0097682e-002  2.0000000e+000 -1.4344163e-001
 -3.0157338e-001  2.0000000e+000  1.5189706e-002
 -5.9898834e-002  2.0000000e+000  1.7242712e-001
 -2.1099320e-001  2.0000000e+000  3.2813957e-001
 -6.4619492e-001  2.0000000e+000  4.8219979e-001
 -8.0285153e-001  2.0000000e+000  6.3448440e-001
  5.4774230e-001  2.0000000e+000  7.8487400e-001
 -9.9660679e-001  2.0000000e+000  9.3325319e-001
  2.1649742e-001  2.0000000e+000  1.0795107e+000
  1.3341205e+000  2.0000000e+000  1.2235393e+000
  1.9172462e+000 -2.0000000e+000  1.3666917e+000
 -1.3347539e+000 -2.0000000e+000  1.5144882e+000
  1.1842716e+000 -2.0000000e+000  1.6677367e+000
  3.5302909e-001 -2.0000000e+000  1.8257594e+000
  2.0307248e+000 -2.0000000e+000  1.9878997e+000
  1.2676912e-001 -2.0000000e+000  2.1535221e+000
  2.6989908e+000 -2.0000000e+000  2.3220123e+000
  3.7844538e+000 -2.0000000e+000  2.4927768e+000
  2.8037103e+000 -2.0000000e+000  2.6652429e+000
  2.0699926e+000 -2.0000000e+000  2.8388587e+000
  4.0399120e+000 -2.0000000e+000  3.0130925e+000
  2.1488863e+000 -2.0000000e+000  3.1874330e+000
  2.1928050e+000 -2.0000000e+000  3.3613888e+000
  2.4703070e+000 -2.0000000e+000  3.5344886e+000
  4.0730262e+000 -2.0000000e+000  3.7062808e+000
  2.8020545e+000 -2.0000000e+000  3.8763332e+000
  5.0796354e+000 -2.0000000e+000  4.0442329e+000
  3.6567625e+000 -2.0000000e+000  4.2095862e+000
  4.0555675e+000 -2.0000000e+000  4.3720181e+000
  5.0112997e+000 -2.0000000e+000  4.5311722e+000
  3.8569617e+000 -2.0000000e+000  4.6867108e+000
  3.5112129e+000 -2.0000000e+000  4.8383139e+000
  4.6255352e+000 -2.0000000e+000  4.9856797e+000
  3.6832617e+000 -2.0000000e+000  5.1285238e+000
  2.7541690e+000 -2.0000000e+000  5.2665794e+000
  4.5282419e+000 -2.0000000e+000  5.3995966e+000
  3.2395929e+000 -2.0000000e+000  5.5273423e+000
  6.6242991e+000 -2.0000000e+000  5.6496000e+000
  5.7792574e+000 -2.0000000e+000  5.7661695e+000
  6.4089527e+000 -2.0000000e+000  5.8768665e+000
  7.3183859e+000 -2.0000000e+000  5.9815223e+000
  6.4923237e+000 -2.0000000e+000  6.0799834e+000
  5.3346000e+000 -2.0000000e+000  6.1721117e+000
  5.5648425e+000 -2.0000000e+000  6.2577834e+000
  5.7233579e+000 -2.0000000e+000  6.3368894e+000
  6.7911235e+000 -2.0000000e+000  6.4093345e+000
  5.6889029e+000 -2.0000000e+000  6.4750372e+000
  6.3446755e+000 -2.0000000e+000  6.5339297e+000
  6.0868895e+000 -2.0000000e+000  6.5859569e+000
  5.8027727e+000 -2.0000000e+000  6.6310766e+000
  6.3820265e+000 -2.0000000e+000  6.6692591e+000
  5.9378171e+000 -2.0000000e+000  6.7004866e+000
  6.9898988e+000 -2.0000000e+000  6.7247531e+000
  7.5353983e+000 -2.0000000e+000  6.7420639e+000
  6.1083031e+000 -2.0000000e+000  6.7524354e+000
  6.2136077e+000 -2.0000000e+000  6.7558946e+000
  7.0270254e+000 -2.0000000e+000  6.7524787e+000
  7.7039760e+000 -2.0000000e+000  6.7422351e+000
  6.5523796e+000 -2.0000000e+000  6.7252207e+000
  5.7823997e+000 -2.0000000e+000  6.7015016e+000
  6.3104251e+000 -2.0000000e+000  6.6711530e+000
  6.8181868e+000 -2.0000000e+000  6.6342583e+000
  7.6831075e+000 -2.0000000e+000  6.5909094e+000
  6.3301285e+000 -2.0000000e+000  6.5412060e+000
  6.1368535e+000 -2.0000000e+000  6.4852553e+000
  6.8917510e+000 -2.0000000e+000  6.4231715e+000
  5.1134927e+000 -2.0000000e+000  6.3550758e+000
  6.7888202e+000 -2.0000000e+000  6.2810958e+000
  6.8698815e+000 -2.0000000e+000  6.2013652e+000
  6.6235250e+000 -2.0000000e+000  6.1160235e+000
  5.6737771e+000 -2.0000000e+000  6.0252156e+000
  7.0315442e+000 -2.0000000e+000  5.9290916e+000
  7.0689140e+000 -2.0000000e+000  5.8278064e+000
  3.6105314e+000 -2.0000000e+000  5.7215191e+000
  5.7372944e+000 -2.0000000e+000  5.6103933e+000
  6.0710347e+000 -2.0000000e+000  5.4945961e+000
  3.4085600e+000 -2.0000000e+000  5.3742983e+000
  5.8052848e+000 -2.0000000e+000  5.2496737e+000
  6.7696118e+000 -2.0000000e+000  5.1208991e+000
  5.6001448e+000 -2.0000000e+000  4.9881539e+000
  4.3092532e+000 -2.0000000e+000  4.8516197e+000
  4.5319689e+000 -2.0000000e+000  4.7114801e+000
  5.3672253e+000 -2.0000000e+000  4.5679204e+000
  4.5793761e+000 -2.0000000e+000  4.4211273e+000
  3.7167699e+000 -2.0000000e+000  4.2712886e+000
  3.5569175e+000 -2.0000000e+000  4.1185931e+000
  3.5839905e+000 -2.0000000e+000  3.9632300e+000
  4.9212362e+000 -2.0000000e+000  3.8053890e+000
  2.7807872e+000 -2.0000000e+000  3.6452598e+000
  3.0363309e+000 -2.0000000e+000  3.4830321e+000
  4.2028829e+000 -2.0000000e+000  3.3188949e+000
  4.0289770e+000 -2.0000000e+000  3.1530369e+000
  2.5107390e+000 -2.0000000e+000  2.9856457e+000
  2.9072779e+000 -2.0000000e+000  2.8169079e+000
  2.9978900e+000 -2.0000000e+000  2.6470088e+000
  1.9625929e+000 -2.0000000e+000  2.4761321e+000
  3.2736149e+000 -2.0000000e+000  2.3044600e+000
  3.0821414e+000 -2.0000000e+000  2.1321726e+000
  2.3889356e+000 -2.0000000e+000  1.9594481e+000
  1.6606419e+000 -2.0000000e+000  1.7864622e+000
  2.7312802e+000 -2.0000000e+000  1.6133882e+000
  1.0616306e+000 -2.0000000e+000  1.4403970e+000
  1.3382616e+000 -2.0000000e+000  1.2676566e+000
  1.3693135e+000 -2.0000000e+000  1.0953319e+000
  1.6209975e+000 -2.0000000e+000  9.2358507e-001
  1.8400667e+000 -2.0000000e+000  7.5257475e-001
  4.1213155e-001 -2.0000000e+000  5.8245644e-001
 -8.6187324e-001 -2.0000000e+000  4.1338209e-001
  1.5669521e+000 -2.0000000e+000  2.4550010e-001
 -6.6351222e-002 -2.0000000e+000  7.8955165e-002
  7.9080756e-001 -2.0000000e+000 -8.6111830e-002
 -2.7157008e-001 -2.0000000e+000 -2.4956389e-001
 -5.9320394e-001 -2.0000000e+000 -4.1126799e-001
 -2.3533695e+000  2.0000000e+000 -5.7255092e-001
 -4.0496348e-001  2.0000000e+000 -7.3890672e-001
 -1.0270820e+000  2.0000000e+000 -9.1111745e-001
 -3.2704996e+000  2.0000000e+000 -1.0884790e+000
 -1.1010049e+000  2.0000000e+000 -1.2703088e+000
 -1.9527910e+000  2.0000000e+000 -1.4559451e+000
 -4.3834120e-001  2.0000000e+000 -1.6447478e+000
 -1.7963634e+000  2.0000000e+000 -1.8360975e+000
 -2.6109013e+000  2.0000000e+000 -2.0293958e+000
 -1.0744783e+000  2.0000000e+000 -2.2240650e+000
 -4.2487410e+000  2.0000000e+000 -2.4195482e+000
 -2.3774265e+000  2.0000000e+000 -2.6153087e+000
 -2.7256477e+000  2.0000000e+000 -2.8108305e+000
 -2.0213880e+000  2.0000000e+000 -3.0056175e+000
 -4.1581697e+000  2.0000000e+000 -3.1991936e+000
 -4.2944712e+000  2.0000000e+000 -3.3911027e+000
 -5.5468567e+000  2.0000000e+000 -3.5809082e+000
 -4.2733145e+000  2.0000000e+000 -3.7681928e+000
 -4.8751269e+000  2.0000000e+000 -3.9525588e+000
 -1.6309084e+000  2.0000000e+000 -4.1336271e+000
 -1.9910036e+000  2.0000000e+000 -4.3110377e+000
 -4.2285004e+000  2.0000000e+000 -4.4844490e+000
 -5.0281011e+000  2.0000000e+000 -4.6535379e+000
 -3.9414813e+000  2.0000000e+000 -4.8179993e+000
 -5.1090241e+000  2.0000000e+000 -4.9775458e+000
 -4.2194535e+000  2.0000000e+000 -5.1319078e+000
 -3.3172938e+000  2.0000000e+000 -5.2808329e+000
 -6.5945036e+000  2.0000000e+000 -5.4240859e+000
 -4.5882577e+000  2.0000000e+000 -5.5614481e+000
 -6.2222995e+000  2.0000000e+000 -5.6927177e+000
 -6.3082037e+000  2.0000000e+000 -5.8177086e+000
 -5.3111911e+000  2.0000000e+000 -5.9362509e+000
 -7.8644813e+000  2.0000000e+000 -6.0481904e+000
 -6.5773901e+000  2.0000000e+000 -6.1533879e+000
 -7.2908331e+000  2.0000000e+000 -6.2517193e+000
 -6.0764384e+000  2.0000000e+000 -6.3430753e+000
 -6.2739017e+000  2.0000000e+000 -6.4273607e+000
 -6.3653132e+000  2.0000000e+000 -6.5044945e+000
 -5.7833375e+000  2.0000000e+000 -6.5744092e+000
 -7.1090331e+000  2.0000000e+000 -6.6370509e+000
 -6.9416120e+000  2.0000000e+000 -6.6923785e+000
 -6.4584710e+000  2.0000000e+000 -6.7403636e+000
 -6.6079126e+000  2.0000000e+000 -6.7809902e+000
 -7.6055968e+000  2.0000000e+000 -6.8142542e+000
 -5.4176146e+000  2.0000000e+000 -6.8401631e+000
 -7.0619051e+000  2.0000000e+000 -6.8587358e+000
 -7.7454361e+000  2.0000000e+000 -6.8700020e+000
 -5.2460312e+000  2.0000000e+000 -6.8740019e+000
 -8.6054319e+000  2.0000000e+000 -6.8707863e+000
 -7.4470599e+000  2.0000000e+000 -6.8604153e+000
 -7.3427410e+000  2.0000000e+000 -6.8429588e+000
 -6.5772177e+000  2.0000000e+000 -6.8184959e+000
 -6.6737342e+000  2.0000000e+000 -6.7871144e+000
 -8.4073467e+000  2.0000000e+000 -6.7489104e+000
 -6.8586358e+000  2.0000000e+000 -6.7039883e+000
 -7.1658998e+000  2.0000000e+000 -6.6524600e+000
 -4.8923318e+000  2.0000000e+000 -6.5944449e+000
 -6.8562332e+000  2.0000000e+000 -6.5300693e+000
 -7.4685287e+000  2.0000000e+000 -6.4594663e+000
 -7.3140455e+000  2.0000000e+000 -6.3827752e+000
 -5.5533899e+000  2.0000000e+000 -6.3001412e+000
 -4.7220688e+000  2.0000000e+000 -6.2117152e+000
 -6.8636536e+000  2.0000000e+000 -6.1176534e+000
 -5.0551363e+000  2.0000000e+000 -6.0181170e+000
 -6.4809030e+000  2.0000000e+000 -5.9132715e+000
 -5.2170704e+000  2.0000000e+000 -5.8032871e+000
 -5.5023376e+000  2.0000000e+000 -5.6883375e+000
 -6.0695557e+000  2.0000000e+000 -5.5686004e+000
 -6.6940512e+000  2.0000000e+000 -5.4442565e+000
 -5.0223023e+000  2.0000000e+000 -5.3154897e+000
 -4.7448268e+000  2.0000000e+000 -5.1824865e+000
 -4.4916053e+000  2.0000000e+000 -5.0454357e+000
 -4.1907626e+000  2.0000000e+000 -4.9045283e+000
 -4.5175881e+000  2.0000000e+000 -4.7599569e+000
 -4.7211112e+000  2.0000000e+000 -4.6119157e+000
 -4.0633075e+000  2.0000000e+000 -4.4606001e+000
 -4.3493441e+000  2.0000000e+000 -4.3062065e+000
 -3.2751424e+000  2.0000000e+000 -4.1489317e+000
 -4.3717181e+000  2.0000000e+000 -3.9889730e+000
 -3.3557832e+000  2.0000000e+000 -3.8265280e+000
 -5.2512533e+000  2.0000000e+000 -3.6617938e+000
 -3.6494476e+000  2.0000000e+000 -3.4949675e+000
 -3.8855486e+000  2.0000000e+000 -3.3262453e+000
 -3.7680221e+000  2.0000000e+000 -3.1558226e+000
 -3.1097517e+000  2.0000000e+000 -2.9838938e+000
 -3.0453135e+000  2.0000000e+000 -2.8106519e+000
 -3.3736558e+000  2.0000000e+000 -2.6362884e+000
 -2.2986274e+000  2.0000000e+000 -2.4609930e+000
 -2.2626970e+000  2.0000000e+000 -2.2849536e+000
 -1.9651722e+000  2.0000000e+000 -2.1083559e+000
 -8.3117516e-001  2.0000000e+000 -1.9313832e+000
 -1.7900305e+000  2.0000000e+000 -1.7542164e+000
 -3.1059090e+000  2.0000000e+000 -1.5770337e+000
 -8.0181550e-001  2.0000000e+000 -1.4000105e+000
 -2.2651715e+000  2.0000000e+000 -1.2233191e+000
 -1.2976458e+000  2.0000000e+000 -1.0471287e+000
  3.8712157e-001  2.0000000e+000 -8.7160531e-001
  2.7325692e-001  2.0000000e+000 -6.9691136e-001
  2.1930964e-001  2.0000000e+000 -5.2320579e-001
  7.2302665e-002  2.0000000e+000 -3.5064385e-001
  2.8212941e-001  2.0000000e+000 -1.7937700e-001
 -1.6343835e+000  2.0000000e+000 -9.5527570e-003
  1.5309408e+000  2.0000000e+000  1.5868533e-001
  5.7207761e-001  2.0000000e+000  3.2519784e-001
  5.7252439e-002  2.0000000e+000  4.8984954e-001
  3.9916263e-001  2.0000000e+000  6.5250948e-001
  1.0679787e+000  2.0000000e+000  8.1305103e-001
  1.2608880e+000  2.0000000e+000  9.7135200e-001
 -3.6726241e-001  2.0000000e+000  1.1272947e+000
  7.0347726e-001  2.0000000e+000  1.2807659e+000
  1.5475287e+000  2.0000000e+000  1.4316570e+000
  4.2962788e-001  2.0000000e+000  1.5798640e+000
  1.5965569e+000  2.0000000e+000  1.7252875e+000
  4.2005839e+000  2.0000000e+000  1.8678330e+000
  1.9035520e+000  2.0000000e+000  2.0074105e+000
  1.2718860e+000  2.0000000e+000  2.1439347e+000
  2.9486806e+000  2.0000000e+000  2.2773251e+000
  2.8399918e+000  2.0000000e+000  2.4075061e+000
  1.5655673e+000  2.0000000e+000  2.5344065e+000
  1.1371006e+000  2.0000000e+000  2.6579601e+000
  3.4368127e+000  2.0000000e+000  2.7781053e+000
  2.9293714e+000  2.0000000e+000  2.8947853e+000
  2.5259908e+000  2.0000000e+000  3.0079480e+000
  2.3685961e+000  2.0000000e+000  3.1175456e+000
  1.4391351e+000  2.0000000e+000  3.2235355e+000
  3.4400125e+000  2.0000000e+000  3.3258792e+000
  4.6250958e+000  2.0000000e+000  3.4245430e+000
  2.8018714e+000  2.0000000e+000  3.5194976e+000
  4.4067194e+000  2.0000000e+000  3.6107182e+000
  3.2322170e+000  2.0000000e+000  3.6981843e+000
  4.6431331e+000  2.0000000e+000  3.7818800e+000
  2.9190575e+000  2.0000000e+000  3.8617933e+000
  3.9686277e+000  2.0000000e+000  3.9379167e+000
  3.8246563e+000  2.0000000e+000  4.0102468e+000
  3.3947426e+000  2.0000000e+000  4.0787841e+000
  5.6161508e+000  2.0000000e+000  4.1435332e+000
  2.4229998e+000  2.0000000e+000  4.2045027e+000
  5.4534685e+000  2.0000000e+000  4.2617050e+000
  3.0931947e+000  2.0000000e+000  4.3151560e+000
  5.0236221e+000  2.0000000e+000  4.3648757e+000
  4.1462287e+000  2.0000000e+000  4.4108873e+000
  5.5169110e+000  2.0000000e+000  4.4532177e+000
  3.7614613e+000  2.0000000e+000  4.4918970e+000
  4.2968017e+000  2.0000000e+000  4.5269588e+000
  3.2008332e+000  2.0000000e+000  4.5584398e+000
  4.4296517e+000  2.0000000e+000  4.5863797e+000
  3.9813649e+000  2.0000000e+000  4.6108213e+000
  6.1779401e+000  2.0000000e+000  4.6318103e+000
  6.2790896e+000  2.0000000e+000  4.6493952e+000
  4.7555708e+000  2.0000000e+000  4.6636270e+000
  4.9038110e+000  2.0000000e+000  4.6745595e+000
  4.7637758e+000  2.0000000e+000  4.6822489e+000
  6.4773396e+000  2.0000000e+000  4.6867537e+000
  4.2058943e+000  2.0000000e+000  4.6881346e+000
  5.3920919e+000  2.0000000e+000  4.6864547e+000
  3.7840189e+000  2.0000000e+000  4.6817789e+000
  4.8135603e+000  2.0000000e+000  4.6741740e+000
  3.6083295e+000  2.0000000e+000  4.6637089e+000
  5.3280635e+000  2.0000000e+000  4.6504539e+000
  3.3080057e+000  2.0000000e+000  4.6344810e+000
  6.4677769e+000  2.0000000e+000  4.6158638e+000
  5.7972062e+000  2.0000000e+000  4.5946772e+000
  4.5847378e+000  2.0000000e+000  4.5709973e+000
  5.0666389e+000  2.0000000e+000  4.5449015e+000
  5.8585488e+000  2.0000000e+000  4.5164682e+000
  4.4190780e+000  2.0000000e+000  4.4857767e+000
  4.4305450e+000  2.0000000e+000  4.4529072e+000
  4.8874789e+000 -2.0000000e+000  4.4193965e+000
  4.2135044e+000 -2.0000000e+000  4.3909450e+000
  3.9487347e+000 -2.0000000e+000  4.3685375e+000
  3.5795854e+000 -2.0000000e+000  4.3516688e+000
  5.3716147e+000 -2.0000000e+000  4.3398511e+000
  5.9721938e+000 -2.0000000e+000  4.3326136e+000
  4.0116039e+000 -2.0000000e+000  4.3295026e+000
  2.6849505e+000 -2.0000000e+000  4.3300807e+000
  2.9025023e+000 -2.0000000e+000  4.3339273e+000
  3.3269018e+000 -2.0000000e+000  4.3406374e+000
  3.9069868e+000 -2.0000000e+000  4.3498222e+000
  2.7348848e+000 -2.0000000e+000  4.3611085e+000
  5.4145376e+000 -2.0000000e+000  4.3741384e+000
  5.2678483e+000 -2.0000000e+000  4.3885692e+000
  4.8869700e+000 -2.0000000e+000  4.4040730e+000
  5.8679394e+000 -2.0000000e+000  4.4203366e+000
  3.7304241e+000 -2.0000000e+000  4.4370611e+000
  3.9251819e+000 -2.0000000e+000  4.4539618e+000
  3.6224892e+000 -2.0000000e+000  4.4707680e+000
  3.1810525e+000 -2.0000000e+000  4.4872223e+000
  4.2884661e+000 -2.0000000e+000  4.5030808e+000
  5.8036406e+000 -2.0000000e+000  4.5181130e+000
  4.8167965e+000 -2.0000000e+000  4.5321008e+000
  5.0535989e+000 -2.0000000e+000  4.5448391e+000
  4.8951546e+000 -2.0000000e+000  4.5561348e+000
  5.0940828e+000 -2.0000000e+000  4.5658071e+000
  5.2049033e+000 -2.0000000e+000  4.5736870e+000
  3.6775182e+000 -2.0000000e+000  4.5796171e+000
  4.4380869e+000 -2.0000000e+000  4.5834511e+000
  5.9313467e+000 -2.0000000e+000  4.5850539e+000
  5.0447859e+000 -2.0000000e+000  4.5843012e+000
  4.5873389e+000 -2.0000000e+000  4.5810793e+000
  3.6138217e+000 -2.0000000e+000  4.5752844e+000
  5.3982891e+000 -2.0000000e+000  4.5668232e+000
  2.9414594e+000 -2.0000000e+000  4.5556117e+000
  4.6118773e+000 -2.0000000e+000  4.5415755e+000
  2.8800760e+000 -2.0000000e+000  4.5246496e+000
  5.1977938e+000 -2.0000000e+000  4.5047778e+000
  4.3233907e+000 -2.0000000e+000  4.4819124e+000
  5.0514746e+000 -2.0000000e+000  4.4560144e+000
  5.5778610e+000 -2.0000000e+000  4.4270528e+000
  3.5301306e+000 -2.0000000e+000  4.3950047e+000
  4.3099466e+000 -2.0000000e+000  4.3598545e+000
  4.7239449e+000 -2.0000000e+000  4.3215943e+000
  2.8368922e+000 -2.0000000e+000  4.2802232e+000
  3.3511411e+000 -2.0000000e+000  4.2357471e+000
  4.7666946e+000 -2.0000000e+000  4.1881786e+000
  3.2534305e+000 -2.0000000e+000  4.1375367e+000
  2.5489134e+000 -2.0000000e+000  4.0838464e+000
  5.3528389e+000 -2.0000000e+000  4.0271386e+000
  4.4563947e+000 -2.0000000e+000  3.9674498e+000
  3.4422656e+000 -2.0000000e+000  3.9048219e+000
  4.9488415e+000 -2.0000000e+000  3.8393020e+000
  2.5886997e+000 -2.0000000e+000  3.7709418e+000
  2.8560527e+000 -2.0000000e+000  3.6997978e+000
  4.9657137e+000 -2.0000000e+000  3.6259311e+000
  4.7411527e+000 -2.0000000e+000  3.5494066e+000
  1.5138234e+000 -2.0000000e+000  3.4702934e+000
  5.7655325e+000 -2.0000000e+000  3.3886641e+000
  4.1076200e+000 -2.0000000e+000  3.3045950e+000
  1.3953894e+000 -2.0000000e+000  3.2181655e+000
  2.2087098e+000 -2.0000000e+000  3.1294581e+000
  2.6611188e+000 -2.0000000e+000  3.0385581e+000
  2.2838204e+000 -2.0000000e+000  2.9455533e+000
  3.1059525e+000 -2.0000000e+000  2.8505341e+000
  2.5450423e+000 -2.0000000e+000  2.7535929e+000
  2.7484039e+000 -2.0000000e+000  2.6548243e+000
  2.8230963e+000 -2.0000000e+000  2.5543244e+000
  2.7880140e+000 -2.0000000e+000  2.4521911e+000
  1.4571999e+000 -2.0000000e+000  2.3485236e+000
  2.2678659e+000 -2.0000000e+000  2.2434224e+000
  2.5240104e+000 -2.0000000e+000  2.1369890e+000
  2.0226222e+000 -2.0000000e+000  2.0293258e+000
  1.4917050e+000 -2.0000000e+000  1.9205356e+000
  1.5914632e+000 -2.0000000e+000  1.8107221e+000
  1.6824301e+000 -2.0000000e+000  1.6999891e+000
  9.0354242e-001 -2.0000000e+000  1.5884406e+000
  1.5195981e+000 -2.0000000e+000  1.4761806e+000
  3.5690533e-002 -2.0000000e+000  1.3633131e+000
  1.7389457e+000 -2.0000000e+000  1.2499416e+000
  6.0436927e-001 -2.0000000e+000  1.1361694e+000
  2.3972318e+000 -2.0000000e+000  1.0220991e+000
  6.9806619e-001 -2.0000000e+000  9.0783254e-001
  1.4089677e+000 -2.0000000e+000  7.9347087e-001
 -6.7110979e-001 -2.0000000e+000  6.7911418e-001
  2.2023375e+000 -2.0000000e+000  5.6486151e-001
  1.5909891e-001 -2.0000000e+000  4.5081067e-001
 -1.0143944e+000 -2.0000000e+000  3.3705819e-001
 -2.2039864e-001 -2.0000000e+000  2.2369916e-001
  8.6672602e-001 -2.0000000e+000  1.1082715e-001
  4.6731072e-001 -2.0000000e+000 -1.4658961e-003
  4.7779190e-001 -2.0000000e+000 -1.1308975e-001
  1.8951013e+000 -2.0000000e+000 -2.2395600e-001
 -2.2827088e+000 -2.0000000e+000 -3.3397811e-001
 -3.6107793e-001 -2.0000000e+000 -4.4307152e-001
  1.4258577e-001 -2.0000000e+000 -5.5115372e-001
 -2.8377381e+000 -2.0000000e+000 -6.5814434e-001
 -2.0397433e+000 -2.0000000e+000 -7.6396517e-001
  1.7528732e-001 -2.0000000e+000 -8.6854025e-001
 -2.6841143e-001 -2.0000000e+000 -9.7179595e-001
  1.3167297e+000 -2.0000000e+000 -1.0736610e+000
 -1.6833267e+000 -2.0000000e+000 -1.1740665e+000
  3.3766208e-001 -2.0000000e+000 -1.2729460e+000
 -1.2096225e+000 -2.0000000e+000 -1.3702356e+000
 -1.3481674e+000 -2.0000000e+000 -1.4658740e+000
 -2.4387088e+000 -2.0000000e+000 -1.5598024e+000
 -1.2518419e-001 -2.0000000e+000 -1.6519644e+000
 -5.0398991e-001 -2.0000000e+000 -1.7423066e+000
 -4.9383034e-001 -2.0000000e+000 -1.8307779e+000
 -2.7207810e+000 -2.0000000e+000 -1.9173301e+000
 -4.5000406e+000 -2.0000000e+000 -2.0019175e+000
 -2.0215342e+000 -2.0000000e+000 -2.0844973e+000
 -8.2107386e-001 -2.0000000e+000 -2.1650291e+000
 -1.9137828e+000 -2.0000000e+000 -2.2434755e+000
 -2.3714050e+000 -2.0000000e+000 -2.3198016e+000
 -1.9719414e+000 -2.0000000e+000 -2.3939751e+000
 -3.2479801e+000 -2.0000000e+000 -2.4659668e+000
 -4.5019117e+000 -2.0000000e+000 -2.5357496e+000
 -2.6031793e+000 -2.0000000e+000 -2.6032995e+000
 -3.5952281e+000 -2.0000000e+000 -2.6685950e+000
 -2.2272838e+000 -2.0000000e+000 -2.7316172e+000
 -4.0822883e+000 -2.0000000e+000 -2.7923498e+000
 -2.1230883e+000 -2.0000000e+000 -2.8507791e+000
 -3.5301189e+000 -2.0000000e+000 -2.9068940e+000
 -3.4289686e+000 -2.0000000e+000 -2.9606858e+000
 -2.7875460e+000 -2.0000000e+000 -3.0121484e+000
 -3.2463007e+000 -2.0000000e+000 -3.0612781e+000
 -3.7100878e+000 -2.0000000e+000 -3.1080736e+000
 -3.3791687e+000 -2.0000000e+000 -3.1525361e+000
 -2.9740630e+000 -2.0000000e+000 -3.1946689e+000
 -3.0753416e+000 -2.0000000e+000 -3.2344779e+000
 -1.7734676e+000 -2.0000000e+000 -3.2719709e+000
 -2.2985745e+000 -2.0000000e+000 -3.3071582e+000
 -1.5915565e+000 -2.0000000e+000 -3.3400521e+000
 -4.1065111e+000 -2.0000000e+000 -3.3706671e+000
 -3.5617977e+000 -2.0000000e+000 -3.3990196e+000
 -2.3108125e+000 -2.0000000e+000 -3.4251281e+000
 -3.9532001e+000 -2.0000000e+000 -3.4490130e+000
 -2.9956346e+000 -2.0000000e+000 -3.4706967e+000
 -3.0690838e+000 -2.0000000e+000 -3.4902033e+000
 -3.6764917e+000 -2.0000000e+000 -3.5075587e+000
 -3.9269375e+000 -2.0000000e+000 -3.5227906e+000
 -4.7617787e+000 -2.0000000e+000 -3.5359281e+000
 -3.9227577e+000 -2.0000000e+000 -3.5470023e+000
 -3.4991943e+000 -2.0000000e+000 -3.5560454e+000
 -4.2667800e+000 -2.0000000e+000 -3.5630914e+000
 -3.1443961e+000 -2.0000000e+000 -3.5681756e+000
 -2.6838851e+000 -2.0000000e+000 -3.5713346e+000
 -4.8257731e+000 -2.0000000e+000 -3.5726063e+000
 -3.1479045e+000 -2.0000000e+000 -3.5720298e+000
 -3.3223146e+000 -2.0000000e+000 -3.5696455e+000
 -3.0222223e+000 -2.0000000e+000 -3.5654946e+000
 -2.6071717e+000 -2.0000000e+000 -3.5596197e+000
 -4.3693940e+000 -2.0000000e+000 -3.5520640e+000
 -3.0570959e+000 -2.0000000e+000 -3.5428718e+000
 -3.4407827e+000 -2.0000000e+000 -3.5320883e+000
 -4.2485143e+000 -2.0000000e+000 -3.5197593e+000
 -2.3055830e+000 -2.0000000e+000 -3.5059313e+000
 -3.0128446e+000 -2.0000000e+000 -3.4906517e+000
 -3.8698349e+000 -2.0000000e+000 -3.4739682e+000
 -2.8018590e+000 -2.0000000e+000 -3.4559291e+000
 -1.7806483e+000 -2.0000000e+000 -3.4365834e+000
 -3.9924577e+000 -2.0000000e+000 -3.4159801e+000
 -3.6542281e+000 -2.0000000e+000 -3.3941688e+000
 -3.2802514e+000 -2.0000000e+000 -3.3711993e+000
 -4.0637056e+000 -2.0000000e+000 -3.3471218e+000
 -2.8012288e+000 -2.0000000e+000 -3.3219863e+000
 -5.0888525e+000 -2.0000000e+000 -3.2958434e+000
 -3.1243746e+000 -2.0000000e+000 -3.2687432e+000
 -2.9301199e+000 -2.0000000e+000 -3.2407362e+000
 -2.8796814e+000 -2.0000000e+000 -3.2118728e+000
 -1.1365142e+000 -2.0000000e+000 -3.1822031e+000
 -3.7553066e+000 -2.0000000e+000 -3.1517773e+000
 -2.4785647e+000 -2.0000000e+000 -3.1206451e+000
 -3.1093663e+000 -2.0000000e+000 -3.0888563e+000
 -1.8020596e+000 -2.0000000e+000 -3.0564600e+000
 -4.2433952e+000 -2.0000000e+000 -3.0235053e+000
 -3.4124968e+000 -2.0000000e+000 -2.9900407e+000
 -2.0712725e+000 -2.0000000e+000 -2.9561142e+000
 -3.2955396e+000 -2.0000000e+000 -2.9217736e+000
 -2.5738214e+000 -2.0000000e+000 -2.8870659e+000
 -2.2176995e+000 -2.0000000e+000 -2.8520376e+000
 -4.2209199e+000 -2.0000000e+000 -2.8167347e+000
 -2.8194282e+000 -2.0000000e+000 -2.7812025e+000
 -2.7111993e+000 -2.0000000e+000 -2.7454856e+000
 -3.2320006e+000 -2.0000000e+000 -2.7096278e+000
 -3.8221296e+000 -2.0000000e+000 -2.6736723e+000
 -4.3211231e+000 -2.0000000e+000 -2.6376616e+000
 -2.6891166e+000  2.0000000e+000 -2.6030928e+000
 -3.3684844e+000  2.0000000e+000 -2.5756255e+000
 -1.7672004e+000  2.0000000e+000 -2.5562023e+000
 -2.8612160e+000  2.0000000e+000 -2.5442743e+000
 -2.5149308e+000  2.0000000e+000 -2.5393089e+000
 -3.0980688e+000  2.0000000e+000 -2.5407891e+000
 -3.5005829e+000  2.0000000e+000 -2.5482140e+000
 -1.8554965e+000  2.0000000e+000 -2.5610981e+000
 -1.1436319e+000  2.0000000e+000 -2.5789714e+000
 -4.5306546e+000  2.0000000e+000 -2.6013789e+000
 -3.3627217e+000  2.0000000e+000 -2.6278808e+000
 -4.0275768e+000  2.0000000e+000 -2.6580523e+000
 -3.6544291e+000  2.0000000e+000 -2.6914830e+000
 -2.9347791e+000  2.0000000e+000 -2.7277772e+000
 -1.9754836e+000  2.0000000e+000 -2.7665537e+000
 -2.7781433e+000  2.0000000e+000 -2.8074450e+000
 -4.4434863e+000  2.0000000e+000 -2.8500981e+000
 -2.2883780e+000  2.0000000e+000 -2.8941733e+000
 -2.2710923e+000  2.0000000e+000 -2.9393449e+000
 -3.5175210e+000  2.0000000e+000 -2.9853004e+000
 -2.6764904e+000  2.0000000e+000 -3.0317406e+000
 -2.8908805e+000  2.0000000e+000 -3.0783794e+000
 -5.3207066e+000  2.0000000e+000 -3.1249433e+000
 -4.6545681e+000  2.0000000e+000 -3.1711717e+000
 -1.4927077e+000  2.0000000e+000 -3.2168163e+000
 -4.9715680e+000  2.0000000e+000 -3.2616411e+000
 -2.2020952e+000  2.0000000e+000 -3.3054223e+000
 -2.9637251e+000  2.0000000e+000 -3.3479476e+000
 -2.5275375e+000  2.0000000e+000 -3.3890166e+000
 -3.3779574e+000  2.0000000e+000 -3.4284402e+000
 -3.2087135e+000  2.0000000e+000 -3.4660406e+000
 -3.5800863e+000  2.0000000e+000 -3.5016510e+000
 -4.9355412e+000  2.0000000e+000 -3.5351153e+000
 -2.2747727e+000  2.0000000e+000 -3.5662881e+000
 -4.1309593e+000  2.0000000e+000 -3.5950341e+000
 -2.4776169e+000  2.0000000e+000 -3.6212285e+000
 -2.5419873e+000  2.0000000e+000 -3.6447562e+000
 -3.9290320e+000  2.0000000e+000 -3.6655119e+000
 -3.4478469e+000  2.0000000e+000 -3.6833995e+000
 -5.2192519e+000  2.0000000e+000 -3.6983326e+000
 -5.0614846e+000  2.0000000e+000 -3.7102334e+000
 -5.4157994e+000  2.0000000e+000 -3.7190332e+000
 -4.4546411e+000  2.0000000e+000 -3.7246717e+000
 -2.5055976e+000  2.0000000e+000 -3.7270969e+000
 -3.1811533e+000  2.0000000e+000 -3.7262652e+000
 -2.5457706e+000  2.0000000e+000 -3.7221405e+000
 -3.7139779e+000  2.0000000e+000 -3.7146946e+000
 -3.1283882e+000  2.0000000e+000 -3.7039066e+000
 -5.7553502e+000  2.0000000e+000 -3.6897630e+000
 -4.4268257e+000  2.0000000e+000 -3.6722571e+000
 -4.1169193e+000  2.0000000e+000 -3.6513889e+000
 -3.4803186e+000  2.0000000e+000 -3.6271650e+000
 -1.9756422e+000  2.0000000e+000 -3.5995983e+000
 -3.9181330e+000  2.0000000e+000 -3.5687076e+000
 -4.2880046e+000  2.0000000e+000 -3.5345177e+000
 -4.0704983e+000  2.0000000e+000 -3.4970590e+000
 -3.1544186e+000  2.0000000e+000 -3.4563671e+000
 -3.6828478e+000  2.0000000e+000 -3.4124829e+000
 -3.7414071e+000  2.0000000e+000 -3.3654522e+000
 -4.0227343e+000  2.0000000e+000 -3.3153255e+000
 -2.4144354e+000  2.0000000e+000 -3.2621578e+000
 -3.8509112e+000  2.0000000e+000 -3.2060084e+000
 -2.1784952e+000  2.0000000e+000 -3.1469405e+000
 -5.3429287e+000  2.0000000e+000 -3.0850213e+000
 -3.8929098e+000  2.0000000e+000 -3.0203216e+000
 -3.2119449e+000  2.0000000e+000 -2.9529156e+000
 -2.4009139e+000  2.0000000e+000 -2.8828807e+000
 -4.3468966e+000  2.0000000e+000 -2.8102973e+000
 -3.2469370e+000  2.0000000e+000 -2.7352488e+000
 -4.4848381e+000  2.0000000e+000 -2.6578208e+000
 -1.2592852e+000  2.0000000e+000 -2.5781017e+000
 -1.3921028e+000  2.0000000e+000 -2.4961819e+000
 -3.0916076e+000  2.0000000e+000 -2.4121540e+000
 -2.8251081e+000  2.0000000e+000 -2.3261122e+000
 -4.2980755e+000  2.0000000e+000 -2.2381525e+000
 -2.6441353e+000  2.0000000e+000 -2.1483724e+000
 -4.0434129e+000  2.0000000e+000 -2.0568706e+000
 -1.7274035e+000  2.0000000e+000 -1.9637470e+000
 -1.3996921e+000  2.0000000e+000 -1.8691025e+000
 -1.4946914e+000  2.0000000e+000 -1.7730385e+000
 -2.1852889e+000  2.0000000e+000 -1.6756574e+000
 -1.0625880e+000  2.0000000e+000 -1.5770619e+000
 -3.7561842e-001  2.0000000e+000 -1.4773548e+000
 -1.6456126e+000  2.0000000e+000 -1.3766394e+000
 -8.9882906e-001  2.0000000e+000 -1.2750188e+000
 -3.0237342e-001  2.0000000e+000 -1.1725959e+000
  6.0789214e-001  2.0000000e+000 -1.0694735e+000
 -1.4884804e+000  2.0000000e+000 -9.6575391e-001
 -2.5237054e+000  2.0000000e+000 -8.6153884e-001
 -1.4092111e+000  2.0000000e+000 -7.5692938e-001
 -1.6958906e+000  2.0000000e+000 -6.5202578e-001
 -5.9909068e-001  2.0000000e+000 -5.4692741e-001
 -9.9371456e-001  2.0000000e+000 -4.4173256e-001
 -4.3762184e-001  2.0000000e+000 -3.3653841e-001
 -1.2350768e+000  2.0000000e+000 -2.3144087e-001
 -1.3279100e+000  2.0000000e+000 -1.2653448e-001
  1.6373884e+000 -2.0000000e+000 -2.0456652e-002
  1.5448560e+000 -2.0000000e+000  9.2319927e-002
  2.8737890e-001 -2.0000000e+000  2.1260796e-001
  7.4941572e-001 -2.0000000e+000  3.3973148e-001
  1.2623938e+000 -2.0000000e+000  4.7303333e-001
  2.6004220e+000 -2.0000000e+000  6.1187510e-001
 -4.6578597e-002 -2.0000000e+000  7.5563703e-001
  1.4554108e+000 -2.0000000e+000  9.0371793e-001
  1.0081927e+000 -2.0000000e+000  1.0555351e+000
  1.3975272e+000 -2.0000000e+000  1.2105243e+000
  1.2024455e+000 -2.0000000e+000  1.3681394e+000
  3.2323620e+000 -2.0000000e+000  1.5278526e+000
  6.9170928e-001 -2.0000000e+000  1.6891542e+000
 -6.4396934e-002 -2.0000000e+000  1.8515522e+000
  2.0794465e+000 -2.0000000e+000  2.0145726e+000
  2.7131081e+000 -2.0000000e+000  2.1777591e+000
  8.5357122e-001 -2.0000000e+000  2.3406728e+000
  3.3616226e+000 -2.0000000e+000  2.5028924e+000
  3.0142328e+000 -2.0000000e+000  2.6640134e+000
  6.1602059e-001 -2.0000000e+000  2.8236489e+000
  1.8965048e+000 -2.0000000e+000  2.9814286e+000
  4.1871817e+000 -2.0000000e+000  3.1369988e+000
  3.5229944e+000 -2.0000000e+000  3.2900227e+000
  3.3843508e+000 -2.0000000e+000  3.4401795e+000
  2.4511284e+000 -2.0000000e+000  3.5871648e+000
  4.3143625e+000 -2.0000000e+000  3.7306899e+000
  3.6026665e+000 -2.0000000e+000  3.8704822e+000
  5.1846876e+000 -2.0000000e+000  4.0062841e+000
  4.5576935e+000 -2.0000000e+000  4.1378539e+000
  3.5816143e+000 -2.0000000e+000  4.2649645e+000
  4.8051961e+000 -2.0000000e+000  4.3874038e+000
  4.8085275e+000 -2.0000000e+000  4.5049745e+000
  4.0275021e+000 -2.0000000e+000  4.6174933e+000
  5.3018377e+000 -2.0000000e+000  4.7247912e+000
  5.7578627e+000 -2.0000000e+000  4.8267131e+000
  5.9031624e+000 -2.0000000e+000  4.9231174e+000
  3.2002333e+000 -2.0000000e+000  5.0138759e+000
  5.0955325e+000 -2.0000000e+000  5.0988734e+000
  6.3052775e+000 -2.0000000e+000  5.1780075e+000
  5.2563551e+000 -2.0000000e+000  5.2511882e+000
  7.2326343e+000 -2.0000000e+000  5.3183380e+000
  4.0823655e+000 -2.0000000e+000  5.3793911e+000
  6.8371771e+000 -2.0000000e+000  5.4342935e+000
  6.3838154e+000 -2.0000000e+000  5.4830024e+000
  7.8236262e+000 -2.0000000e+000  5.5254862e+000
  4.9543120e+000 -2.0000000e+000  5.5617241e+000
  6.0089848e+000 -2.0000000e+000  5.5917058e+000
  5.8356907e+000 -2.0000000e+000  5.6154309e+000
  6.4993285e+000 -2.0000000e+000  5.6329092e+000
  4.8475487e+000 -2.0000000e+000  5.6441599e+000
  4.8985244e+000 -2.0000000e+000  5.6492116e+000
  4.8637733e+000 -2.0000000e+000  5.6481016e+000
  5.7530295e+000 -2.0000000e+000  5.6408761e+000
  6.1090802e+000 -2.0000000e+000  5.6275896e+000
  6.3664768e+000 -2.0000000e+000  5.6083045e+000
  4.7457885e+000 -2.0000000e+000  5.5830910e+000
  4.4723350e+000 -2.0000000e+000  5.5520268e+000
  5.6524178e+000 -2.0000000e+000  5.5151967e+000
  6.9203487e+000 -2.0000000e+000  5.4726921e+000
  3.3283818e+000 -2.0000000e+000  5.4246111e+000
  4.3213835e+000 -2.0000000e+000  5.3710579e+000
  5.6050216e+000 -2.0000000e+000  5.3121428e+000
  5.9763251e+000 -2.0000000e+000  5.2479813e+000
  4.8159870e+000 -2.0000000e+000  5.1786946e+000
  5.4468339e+000 -2.0000000e+000  5.1044086e+000
  2.4847588e+000 -2.0000000e+000  5.0252540e+000
  6.5918892e+000 -2.0000000e+000  4.9413660e+000
  5.5692727e+000 -2.0000000e+000  4.8528837e+000
  5.0520136e+000 -2.0000000e+000  4.7599503e+000
  4.1973193e+000 -2.0000000e+000  4.6627123e+000
  6.1312919e+000 -2.0000000e+000  4.5613196e+000
  4.5288893e+000 -2.0000000e+000  4.4559251e+000
  4.9249758e+000 -2.0000000e+000  4.3466843e+000
  3.8476889e+000 -2.0000000e+000  4.2337553e+000
  4.4435104e+000 -2.0000000e+000  4.1172983e+000
  4.4337660e+000 -2.0000000e+000  3.9974754e+000
  3.3450680e+000 -2.0000000e+000  3.8744504e+000
  3.0038228e+000 -2.0000000e+000  3.7483886e+000
  3.3520945e+000 -2.0000000e+000  3.6194562e+000
  3.5070602e+000 -2.0000000e+000  3.4878207e+000
  2.8348898e+000 -2.0000000e+000  3.3536500e+000
  3.3786790e+000 -2.0000000e+000  3.2171125e+000
  2.8859896e+000 -2.0000000e+000  3.0783770e+000
  2.7871259e+000 -2.0000000e+000  2.9376122e+000
  4.0000207e+000 -2.0000000e+000  2.7949864e+000
  3.9122808e+000 -2.0000000e+000  2.6506679e+000
  2.7824782e+000 -2.0000000e+000  2.5048239e+000
  3.1324360e+000 -2.0000000e+000  2.3576212e+000
  3.3288512e+000 -2.0000000e+000  2.2092253e+000
  1.6168180e+000 -2.0000000e+000  2.0598007e+000
  1.9809662e+000 -2.0000000e+000  1.9095102e+000
  6.2027392e-001 -2.0000000e+000  1.7585155e+000
  2.6744343e+000 -2.0000000e+000  1.6069761e+000
  2.2903142e+000 -2.0000000e+000  1.4550499e+000
  2.0953342e+000 -2.0000000e+000  1.3028926e+000
  7.4081195e-001 -2.0000000e+000  1.1506578e+000
  7.3279237e-001 -2.0000000e+000  9.9849673e-001
  5.6808147e-001 -2.0000000e+000  8.4655804e-001
  1.2499872e-001 -2.0000000e+000  6.9498783e-001
  7.5410819e-001 -2.0000000e+000  5.4392942e-001
  1.0210829e+000 -2.0000000e+000  3.9352328e-001
  1.1151141e+000 -2.0000000e+000  2.4390687e-001
  2.5590832e+000 -2.0000000e+000  9.5214564e-002
 -3.7225552e-001 -2.0000000e+000 -5.2422474e-002
 -1.5211751e+000 -2.0000000e+000 -1.9887637e-001
 -1.0802738e+000 -2.0000000e+000 -3.4402263e-001
 -7.9341543e-001 -2.0000000e+000 -4.8774024e-001
 -7.3016195e-001 -2.0000000e+000 -6.2991173e-001
 -1.5871328e+000 -2.0000000e+000 -7.7042326e-001
  4.5969995e-001 -2.0000000e+000 -9.0916468e-001
 -2.3463428e+000 -2.0000000e+000 -1.0460296e+000
 -1.2435532e-001 -2.0000000e+000 -1.1809154e+000
 -8.6798667e-001 -2.0000000e+000 -1.3137233e+000
 -6.3024884e-001 -2.0000000e+000 -1.4443585e+000
 -3.6594286e+000 -2.0000000e+000 -1.5727301e+000
 -2.3888455e+000 -2.0000000e+000 -1.6987511e+000
 -1.6535259e+000 -2.0000000e+000 -1.8223386e+000
 -3.4973923e+000 -2.0000000e+000 -1.9434138e+000
 -3.0310735e+000 -2.0000000e+000 -2.0619016e+000
 -3.1744005e+000 -2.0000000e+000 -2.1777312e+000
 -4.3644492e+000 -2.0000000e+000 -2.2908360e+000
 -1.8927835e+000 -2.0000000e+000 -2.4011531e+000
 -2.0652350e+000 -2.0000000e+000 -2.5086239e+000
 -4.1918102e+000 -2.0000000e+000 -2.6131937e+000
 -3.1365160e+000 -2.0000000e+000 -2.7148121e+000
 -3.4549996e+000 -2.0000000e+000 -2.8134323e+000
 -1.5767735e+000 -2.0000000e+000 -2.9090119e+000
 -7.4209410e-001 -2.0000000e+000 -3.0015122e+000
 -4.9970041e+000 -2.0000000e+000 -3.0908987e+000
 -2.5933564e+000 -2.0000000e+000 -3.1771405e+000
 -4.2911197e+000 -2.0000000e+000 -3.2602108e+000
 -2.5653651e+000 -2.0000000e+000 -3.3400865e+000
 -3.1236834e+000 -2.0000000e+000 -3.4167484e+000
 -4.1831833e+000 -2.0000000e+000 -3.4901811e+000
 -3.7471504e+000 -2.0000000e+000 -3.5603726e+000
 -3.6350543e+000 -2.0000000e+000 -3.6273148e+000
 -4.9478538e+000 -2.0000000e+000 -3.6910032e+000
 -2.9210355e+000 -2.0000000e+000 -3.7514365e+000
 -2.5246361e+000 -2.0000000e+000 -3.8086172e+000
 -3.9301467e+000 -2.0000000e+000 -3.8625511e+000

