   1.4817
   1.4894
   1.4931
   1.5164
   1.5379
   1.5620
   1.5684
   1.5714
   1.5494
   1.5451
   1.5626
   1.5465
   1.6105
   1.6588
   1.7230
   1.7539
   1.7735
   1.8037
   1.8398
   1.8433
   1.8647
   1.8662
   1.8780
   1.9402
   1.9760
   1.9922
   1.9795
   1.9478
   1.9381
   1.9410
   1.9620
   2.0009
   2.0581
   2.0910
   2.1189
   2.1301
   2.1210
   2.1377
   2.1353
   2.1704
   2.1827
   2.1777
   2.1989
   2.1760
   2.1174
   2.1297
   2.1775
   2.2265
   2.2730
   2.3324
   2.3314
   2.3391
   2.3910
   2.3792
   2.3836
   2.3529
   2.3665
   2.4108
   2.4504
   2.5004
   2.5440
   2.5715
   2.5968
   2.6033
   2.6341
   2.6684
   2.7196
   2.7394
   2.8005
   2.8338
   2.8720
   2.8795
   2.9501
   2.9899
   3.0507
   3.1236
   3.2011
   3.2132
   3.2336
   3.2618
   3.2918
   3.2897
   3.3135
   3.3383
   3.4062
   3.4648
   3.4892
   3.5041
   3.5583
   3.5676
   3.5883
   3.5714
   3.5665
   3.5739
   3.6052
   3.5665
   3.6661
   3.6862
   3.7145
   3.7238
   3.7969
   3.8838
   3.9223
   3.9905
   4.0923
   4.1333
   4.1170
   4.1511
   4.1193
   4.1304
   4.0845
   4.0620
   4.0100
   4.0452
   4.1154
   4.1672
   4.2661
   4.3015
   4.3219
   4.3574
   4.4105
   4.4898
   4.5706
   4.5761
   4.5889
   4.7657
   4.8117
   4.8760
   4.8883
   4.8914
   4.9262
   4.9426
   4.9589
   4.8578
   4.8503
   4.9366
   5.0325
   4.9973
   5.0568
   4.9971
   4.9143
   4.9355
   4.9121
   4.9156
   4.9724
   5.0898
   5.1804
   5.2868
   5.4023
   5.4938
   5.5413
   5.5831
   5.6297
   5.6738
   5.7586
   5.8060
   5.8589
   5.8833
   5.9379
   5.9695
   6.0133
   6.0772
   6.1281
   6.2344
   6.2759
   6.3498
   6.3823
   6.4652
   6.5438
   6.5794
   6.6106
   6.6335
   6.7163
   6.7317
   6.7194
   6.6642
   6.6314
   6.6685
   6.6849
   6.7209
   6.7833
   6.8468
   6.8997
   6.9906
   6.9887
   7.0312
   7.0620
   7.1687
   7.2294
   7.3302
   7.3702
   7.4611
   7.4887
   7.5033
   7.5614
   7.6219
   7.6764
   7.8029
   7.8419
   7.9313
   8.0164
   8.1319
   8.2166
   8.2729
   8.3963
   8.4429
   8.5285
   8.6679
   8.7332
   8.7755
   8.8869
   9.0401
   9.0974
   9.2057
   9.2187
   9.2438
   9.2299
   9.1931
   9.1864
   9.2488
   9.3632
   9.3924
   9.4856
   9.5195
